100 215,69 998 1030 100 avlEsp-100-100.txt
105 214,02 774 159 100 avlEsp-100-105.txt
110 195,13 319 151 100 avlEsp-100-110.txt
115 205,55 328 159 100 avlEsp-100-115.txt
120 197,89 277 160 100 avlEsp-100-120.txt
125 246,33 414 195 100 avlEsp-100-125.txt
130 258,07 550 184 100 avlEsp-100-130.txt
135 211,83 326 169 100 avlEsp-100-135.txt
140 250,38 800 156 100 avlEsp-100-140.txt
145 249,65 626 196 100 avlEsp-100-145.txt
150 283,1 926 167 100 avlEsp-100-150.txt
155 235,56 559 181 100 avlEsp-100-155.txt
160 206,98 301 155 100 avlEsp-100-160.txt
165 214,42 462 173 100 avlEsp-100-165.txt
170 225,29 490 171 100 avlEsp-100-170.txt
175 255,32 301 193 100 avlEsp-100-175.txt
180 229,86 278 188 100 avlEsp-100-180.txt
185 209,55 299 164 100 avlEsp-100-185.txt
190 246,6 335 206 100 avlEsp-100-190.txt
195 232,47 323 180 100 avlEsp-100-195.txt
200 225,07 279 182 100 avlEsp-100-200.txt
205 216,71 297 176 100 avlEsp-100-205.txt
210 243,18 316 199 100 avlEsp-100-210.txt
215 237,64 360 192 100 avlEsp-100-215.txt
220 235,96 601 189 100 avlEsp-100-220.txt
225 221,02 448 182 100 avlEsp-100-225.txt
230 255,9 309 218 100 avlEsp-100-230.txt
235 221,42 323 191 100 avlEsp-100-235.txt
240 233,97 375 184 100 avlEsp-100-240.txt
245 244,59 332 194 100 avlEsp-100-245.txt
250 210,98 322 168 100 avlEsp-100-250.txt
255 209,85 302 165 100 avlEsp-100-255.txt
260 249,87 314 205 100 avlEsp-100-260.txt
265 238,34 461 199 100 avlEsp-100-265.txt
270 249,41 320 198 100 avlEsp-100-270.txt
275 207,61 288 168 100 avlEsp-100-275.txt
280 206,77 308 168 100 avlEsp-100-280.txt
285 293,16 822 166 100 avlEsp-100-285.txt
290 231,01 410 189 100 avlEsp-100-290.txt
295 232,07 356 183 100 avlEsp-100-295.txt
300 223,5 326 170 100 avlEsp-100-300.txt
305 242,94 396 189 100 avlEsp-100-305.txt
310 307,62 866 1026 100 avlEsp-100-310.txt
315 254,94 365 217 100 avlEsp-100-315.txt
320 226,99 591 186 100 avlEsp-100-320.txt
325 231,96 512 183 100 avlEsp-100-325.txt
330 378,02 977 1010 100 avlEsp-100-330.txt
335 267,38 348 214 100 avlEsp-100-335.txt
340 240,64 301 203 100 avlEsp-100-340.txt
345 232,52 317 197 100 avlEsp-100-345.txt
350 248,41 360 193 100 avlEsp-100-350.txt
355 269,12 355 225 100 avlEsp-100-355.txt
360 216,41 395 174 100 avlEsp-100-360.txt
365 253,54 551 203 100 avlEsp-100-365.txt
370 205,98 324 160 100 avlEsp-100-370.txt
375 200,47 286 161 100 avlEsp-100-375.txt
380 260,75 342 202 100 avlEsp-100-380.txt
385 227,74 367 193 100 avlEsp-100-385.txt
390 272,75 410 220 100 avlEsp-100-390.txt
395 210,58 384 176 100 avlEsp-100-395.txt
400 226,63 449 184 100 avlEsp-100-400.txt
405 249,35 347 207 100 avlEsp-100-405.txt
410 259,69 338 213 100 avlEsp-100-410.txt
415 217,4 517 172 100 avlEsp-100-415.txt
420 273,65 500 200 100 avlEsp-100-420.txt
425 245,33 310 200 100 avlEsp-100-425.txt
430 212,24 311 165 100 avlEsp-100-430.txt
435 245,08 495 200 100 avlEsp-100-435.txt
440 238,6 317 197 100 avlEsp-100-440.txt
445 246,69 397 210 100 avlEsp-100-445.txt
450 237,75 316 198 100 avlEsp-100-450.txt
455 255,1 546 200 100 avlEsp-100-455.txt
460 258,17 372 209 100 avlEsp-100-460.txt
465 246,16 592 202 100 avlEsp-100-465.txt
470 254,86 626 202 100 avlEsp-100-470.txt
475 235,15 422 188 100 avlEsp-100-475.txt
480 259,61 538 217 100 avlEsp-100-480.txt
485 258,08 342 209 100 avlEsp-100-485.txt
490 263,57 349 222 100 avlEsp-100-490.txt
495 248,68 379 199 100 avlEsp-100-495.txt
500 228,68 384 185 100 avlEsp-100-500.txt
505 248,44 383 208 100 avlEsp-100-505.txt
510 241,56 351 187 100 avlEsp-100-510.txt
515 255,41 341 208 100 avlEsp-100-515.txt
520 248,2 311 203 100 avlEsp-100-520.txt
525 239,52 361 200 100 avlEsp-100-525.txt
530 276,83 912 197 100 avlEsp-100-530.txt
535 217,09 570 179 100 avlEsp-100-535.txt
540 227,99 531 184 100 avlEsp-100-540.txt
545 243,91 331 198 100 avlEsp-100-545.txt
550 262,68 561 217 100 avlEsp-100-550.txt
555 249,68 444 206 100 avlEsp-100-555.txt
560 242,34 436 192 100 avlEsp-100-560.txt
565 228,76 379 192 100 avlEsp-100-565.txt
570 197,78 318 161 100 avlEsp-100-570.txt
575 262,31 417 212 100 avlEsp-100-575.txt
580 253,04 354 202 100 avlEsp-100-580.txt
585 216,77 326 180 100 avlEsp-100-585.txt
590 283,8 720 215 100 avlEsp-100-590.txt
595 234,13 582 184 100 avlEsp-100-595.txt
600 256,41 498 209 100 avlEsp-100-600.txt
605 243,82 546 193 100 avlEsp-100-605.txt
610 255,43 345 199 100 avlEsp-100-610.txt
615 234,17 319 192 100 avlEsp-100-615.txt
620 257,66 318 203 100 avlEsp-100-620.txt
625 254,81 526 215 100 avlEsp-100-625.txt
630 250,59 338 206 100 avlEsp-100-630.txt
635 263,71 465 218 100 avlEsp-100-635.txt
640 294,78 248 157 100 avlEsp-100-640.txt
645 342,18 939 197 100 avlEsp-100-645.txt
650 282,69 986 1032 100 avlEsp-100-650.txt
655 265,49 444 204 100 avlEsp-100-655.txt
660 274,11 381 225 100 avlEsp-100-660.txt
665 265,95 392 213 100 avlEsp-100-665.txt
670 277,41 333 229 100 avlEsp-100-670.txt
675 255,77 313 217 100 avlEsp-100-675.txt
680 347,55 639 1001 100 avlEsp-100-680.txt
685 302,19 899 193 100 avlEsp-100-685.txt
690 264,14 422 209 100 avlEsp-100-690.txt
695 263,45 340 206 100 avlEsp-100-695.txt
700 235,01 358 188 100 avlEsp-100-700.txt
705 235,15 325 198 100 avlEsp-100-705.txt
710 230,01 317 189 100 avlEsp-100-710.txt
715 242,76 336 185 100 avlEsp-100-715.txt
720 280,73 453 236 100 avlEsp-100-720.txt
725 279,92 371 207 100 avlEsp-100-725.txt
730 271,13 386 222 100 avlEsp-100-730.txt
735 258,7 428 212 100 avlEsp-100-735.txt
740 246,68 372 208 100 avlEsp-100-740.txt
745 280,05 391 230 100 avlEsp-100-745.txt
750 284,95 365 227 100 avlEsp-100-750.txt
755 243,14 424 207 100 avlEsp-100-755.txt
760 261,02 343 209 100 avlEsp-100-760.txt
765 311,16 924 217 100 avlEsp-100-765.txt
770 249,96 343 202 100 avlEsp-100-770.txt
775 308,37 938 1009 100 avlEsp-100-775.txt
780 338,6 993 1000 100 avlEsp-100-780.txt
785 234,67 490 194 100 avlEsp-100-785.txt
790 282,38 698 218 100 avlEsp-100-790.txt
795 233,81 318 197 100 avlEsp-100-795.txt
800 293,11 954 1235 100 avlEsp-100-800.txt
805 344,36 694 1060 100 avlEsp-100-805.txt
810 363,02 804 1125 100 avlEsp-100-810.txt
815 262,1 326 210 100 avlEsp-100-815.txt
820 250,81 550 189 100 avlEsp-100-820.txt
825 282,09 376 220 100 avlEsp-100-825.txt
830 260,16 395 214 100 avlEsp-100-830.txt
835 249,17 331 204 100 avlEsp-100-835.txt
840 283,12 379 233 100 avlEsp-100-840.txt
845 263,08 315 209 100 avlEsp-100-845.txt
850 273,7 394 218 100 avlEsp-100-850.txt
855 243,67 398 195 100 avlEsp-100-855.txt
860 277,59 432 227 100 avlEsp-100-860.txt
865 247,99 486 202 100 avlEsp-100-865.txt
870 281,2 349 250 100 avlEsp-100-870.txt
875 328,13 989 1042 100 avlEsp-100-875.txt
880 285,83 358 239 100 avlEsp-100-880.txt
885 273,93 904 209 100 avlEsp-100-885.txt
890 260,55 409 218 100 avlEsp-100-890.txt
895 232,89 344 187 100 avlEsp-100-895.txt
900 256,98 388 210 100 avlEsp-100-900.txt
905 264,3 477 221 100 avlEsp-100-905.txt
910 274,51 527 233 100 avlEsp-100-910.txt
915 267,14 354 214 100 avlEsp-100-915.txt
920 284,03 446 234 100 avlEsp-100-920.txt
925 241,49 335 209 100 avlEsp-100-925.txt
930 293,63 403 237 100 avlEsp-100-930.txt
935 371,78 916 1010 100 avlEsp-100-935.txt
940 263,7 390 219 100 avlEsp-100-940.txt
945 284,37 712 210 100 avlEsp-100-945.txt
950 260,98 420 226 100 avlEsp-100-950.txt
955 241,24 334 202 100 avlEsp-100-955.txt
960 247,4 567 205 100 avlEsp-100-960.txt
965 275,2 363 227 100 avlEsp-100-965.txt
970 354,12 7783 233 100 avlEsp-100-970.txt
975 353,19 989 1007 100 avlEsp-100-975.txt
980 289,5 867 1020 100 avlEsp-100-980.txt
985 251,53 345 208 100 avlEsp-100-985.txt
990 424,81 984 1005 100 avlEsp-100-990.txt
995 273,74 367 237 100 avlEsp-100-995.txt
1000 279,38 674 210 100 avlEsp-100-1000.txt
