100 174,44 84 84 100 EsperadoHash-100-100.txt
105 185,52 97 103 100 EsperadoHash-100-105.txt
110 106,89 99 100 100 EsperadoHash-100-110.txt
115 165,83 472 122 100 EsperadoHash-100-115.txt
120 106,41 99 100 100 EsperadoHash-100-120.txt
125 115,39 99 100 100 EsperadoHash-100-125.txt
130 182,04 373 149 100 EsperadoHash-100-130.txt
135 145,03 353 111 100 EsperadoHash-100-135.txt
140 178,19 99 100 100 EsperadoHash-100-140.txt
145 151,27 99 100 100 EsperadoHash-100-145.txt
150 109,42 99 100 100 EsperadoHash-100-150.txt
155 114,36 98 100 100 EsperadoHash-100-155.txt
160 146,19 260 114 100 EsperadoHash-100-160.txt
165 150,12 466 117 100 EsperadoHash-100-165.txt
170 111,38 99 100 100 EsperadoHash-100-170.txt
175 164,17 99 101 100 EsperadoHash-100-175.txt
180 150,5 265 110 100 EsperadoHash-100-180.txt
185 113,89 99 100 100 EsperadoHash-100-185.txt
190 150,38 446 111 100 EsperadoHash-100-190.txt
195 140,95 97 111 100 EsperadoHash-100-195.txt
200 112,88 98 100 100 EsperadoHash-100-200.txt
205 192,57 655 140 100 EsperadoHash-100-205.txt
210 146,4 233 110 100 EsperadoHash-100-210.txt
215 172,9 461 131 100 EsperadoHash-100-215.txt
220 135,77 212 104 100 EsperadoHash-100-220.txt
225 144,61 220 112 100 EsperadoHash-100-225.txt
230 114,13 98 100 100 EsperadoHash-100-230.txt
235 151,2 253 118 100 EsperadoHash-100-235.txt
240 167,93 261 127 100 EsperadoHash-100-240.txt
245 150,83 238 118 100 EsperadoHash-100-245.txt
250 114,24 99 100 100 EsperadoHash-100-250.txt
255 172,73 495 125 100 EsperadoHash-100-255.txt
260 105,81 99 101 100 EsperadoHash-100-260.txt
265 102,72 98 100 100 EsperadoHash-100-265.txt
270 178,14 297 125 100 EsperadoHash-100-270.txt
275 152,01 99 100 100 EsperadoHash-100-275.txt
280 146,51 520 106 100 EsperadoHash-100-280.txt
285 136,92 235 110 100 EsperadoHash-100-285.txt
290 109,23 99 100 100 EsperadoHash-100-290.txt
295 167,11 99 100 100 EsperadoHash-100-295.txt
300 175,55 547 127 100 EsperadoHash-100-300.txt
305 152,99 274 102 100 EsperadoHash-100-305.txt
310 103,84 99 100 100 EsperadoHash-100-310.txt
315 260,37 98 100 100 EsperadoHash-100-315.txt
320 175,95 273 121 100 EsperadoHash-100-320.txt
325 166,3 243 131 100 EsperadoHash-100-325.txt
330 170,9 306 119 100 EsperadoHash-100-330.txt
335 152,24 312 119 100 EsperadoHash-100-335.txt
340 112,05 99 100 100 EsperadoHash-100-340.txt
345 163,25 97 100 100 EsperadoHash-100-345.txt
350 218,66 98 100 100 EsperadoHash-100-350.txt
355 197,53 351 120 100 EsperadoHash-100-355.txt
360 182,82 98 100 100 EsperadoHash-100-360.txt
365 172,88 260 130 100 EsperadoHash-100-365.txt
370 104,41 99 100 100 EsperadoHash-100-370.txt
375 102,02 99 100 100 EsperadoHash-100-375.txt
380 144,77 217 107 100 EsperadoHash-100-380.txt
385 136,69 209 110 100 EsperadoHash-100-385.txt
390 103,1 99 100 100 EsperadoHash-100-390.txt
395 141,01 346 106 100 EsperadoHash-100-395.txt
400 106,91 99 100 100 EsperadoHash-100-400.txt
405 139,72 192 108 100 EsperadoHash-100-405.txt
410 127,24 98 100 100 EsperadoHash-100-410.txt
415 120,95 99 100 100 EsperadoHash-100-415.txt
420 138,75 253 111 100 EsperadoHash-100-420.txt
425 158,9 249 131 100 EsperadoHash-100-425.txt
430 130,64 174 104 100 EsperadoHash-100-430.txt
435 140,91 209 107 100 EsperadoHash-100-435.txt
440 142,57 199 106 100 EsperadoHash-100-440.txt
445 118,45 99 102 100 EsperadoHash-100-445.txt
450 171,91 321 122 100 EsperadoHash-100-450.txt
455 116,26 99 100 100 EsperadoHash-100-455.txt
460 110,1 99 100 100 EsperadoHash-100-460.txt
465 231,5 781 114 100 EsperadoHash-100-465.txt
470 216,36 97 100 100 EsperadoHash-100-470.txt
475 109,3 98 100 100 EsperadoHash-100-475.txt
480 160,53 909 111 100 EsperadoHash-100-480.txt
485 143,93 189 109 100 EsperadoHash-100-485.txt
490 104,78 99 100 100 EsperadoHash-100-490.txt
495 170,86 98 100 100 EsperadoHash-100-495.txt
500 213,93 99 100 100 EsperadoHash-100-500.txt
505 161,52 99 100 100 EsperadoHash-100-505.txt
510 250,54 568 178 100 EsperadoHash-100-510.txt
515 168,32 268 102 100 EsperadoHash-100-515.txt
520 191,09 98 100 100 EsperadoHash-100-520.txt
525 122,33 98 100 100 EsperadoHash-100-525.txt
530 224,95 960 143 100 EsperadoHash-100-530.txt
535 107,27 99 100 100 EsperadoHash-100-535.txt
540 157,61 479 108 100 EsperadoHash-100-540.txt
545 113,75 99 100 100 EsperadoHash-100-545.txt
550 142,98 234 107 100 EsperadoHash-100-550.txt
555 203,98 975 117 100 EsperadoHash-100-555.txt
560 119,54 99 100 100 EsperadoHash-100-560.txt
565 164,12 238 127 100 EsperadoHash-100-565.txt
570 145,22 233 108 100 EsperadoHash-100-570.txt
575 137,29 99 100 100 EsperadoHash-100-575.txt
580 107,51 99 100 100 EsperadoHash-100-580.txt
585 133,82 220 104 100 EsperadoHash-100-585.txt
590 103,56 99 100 100 EsperadoHash-100-590.txt
595 172,04 279 127 100 EsperadoHash-100-595.txt
600 111,26 99 100 100 EsperadoHash-100-600.txt
605 185,99 970 105 100 EsperadoHash-100-605.txt
610 199,59 916 115 100 EsperadoHash-100-610.txt
615 173,96 633 115 100 EsperadoHash-100-615.txt
620 174,14 255 124 100 EsperadoHash-100-620.txt
625 145,83 310 111 100 EsperadoHash-100-625.txt
630 179,72 619 118 100 EsperadoHash-100-630.txt
635 170,27 99 102 100 EsperadoHash-100-635.txt
640 176,47 349 125 100 EsperadoHash-100-640.txt
645 112,48 99 100 100 EsperadoHash-100-645.txt
650 109,33 99 100 100 EsperadoHash-100-650.txt
655 113,68 99 101 100 EsperadoHash-100-655.txt
660 150,31 226 114 100 EsperadoHash-100-660.txt
665 108,22 99 101 100 EsperadoHash-100-665.txt
670 107,86 99 101 100 EsperadoHash-100-670.txt
675 124,03 99 100 100 EsperadoHash-100-675.txt
680 121,54 99 100 100 EsperadoHash-100-680.txt
685 201,34 693 104 100 EsperadoHash-100-685.txt
690 212,88 316 1063 100 EsperadoHash-100-690.txt
695 165,45 388 127 100 EsperadoHash-100-695.txt
700 179,81 285 115 100 EsperadoHash-100-700.txt
705 238,82 97 100 100 EsperadoHash-100-705.txt
710 155,16 281 106 100 EsperadoHash-100-710.txt
715 120,39 99 100 100 EsperadoHash-100-715.txt
720 124,13 99 100 100 EsperadoHash-100-720.txt
725 105,43 99 100 100 EsperadoHash-100-725.txt
730 107,68 99 100 100 EsperadoHash-100-730.txt
735 109,38 99 100 100 EsperadoHash-100-735.txt
740 103,68 99 100 100 EsperadoHash-100-740.txt
745 108,57 99 100 100 EsperadoHash-100-745.txt
750 113,54 99 100 100 EsperadoHash-100-750.txt
755 121,86 99 101 100 EsperadoHash-100-755.txt
760 137,62 243 109 100 EsperadoHash-100-760.txt
765 197,28 99 100 100 EsperadoHash-100-765.txt
770 118,78 99 100 100 EsperadoHash-100-770.txt
775 122,33 99 100 100 EsperadoHash-100-775.txt
780 140,98 206 108 100 EsperadoHash-100-780.txt
785 171,93 99 100 100 EsperadoHash-100-785.txt
790 109,71 99 100 100 EsperadoHash-100-790.txt
795 267,67 934 103 100 EsperadoHash-100-795.txt
800 186,41 473 126 100 EsperadoHash-100-800.txt
805 114,19 99 100 100 EsperadoHash-100-805.txt
810 143,28 410 107 100 EsperadoHash-100-810.txt
815 163,93 227 131 100 EsperadoHash-100-815.txt
820 229,68 870 112 100 EsperadoHash-100-820.txt
825 102,4 99 100 100 EsperadoHash-100-825.txt
830 111,34 99 100 100 EsperadoHash-100-830.txt
835 159,86 565 113 100 EsperadoHash-100-835.txt
840 106,29 99 100 100 EsperadoHash-100-840.txt
845 228,65 675 108 100 EsperadoHash-100-845.txt
850 109,84 99 100 100 EsperadoHash-100-850.txt
855 175,87 467 134 100 EsperadoHash-100-855.txt
860 108,52 98 100 100 EsperadoHash-100-860.txt
865 163,49 96 84 100 EsperadoHash-100-865.txt
870 149,21 299 106 100 EsperadoHash-100-870.txt
875 234,95 960 109 100 EsperadoHash-100-875.txt
880 113,01 99 100 100 EsperadoHash-100-880.txt
885 106,06 99 100 100 EsperadoHash-100-885.txt
890 164,65 222 126 100 EsperadoHash-100-890.txt
895 135,18 99 99 100 EsperadoHash-100-895.txt
900 150,46 618 109 100 EsperadoHash-100-900.txt
905 166,88 357 120 100 EsperadoHash-100-905.txt
910 136,71 186 106 100 EsperadoHash-100-910.txt
915 136,51 98 100 100 EsperadoHash-100-915.txt
920 313,08 972 116 100 EsperadoHash-100-920.txt
925 117,78 99 101 100 EsperadoHash-100-925.txt
930 141,87 195 103 100 EsperadoHash-100-930.txt
935 194,93 96 102 100 EsperadoHash-100-935.txt
940 233,11 650 145 100 EsperadoHash-100-940.txt
945 182,53 728 114 100 EsperadoHash-100-945.txt
950 191,18 691 107 100 EsperadoHash-100-950.txt
955 301,65 867 1004 100 EsperadoHash-100-955.txt
960 145,05 237 108 100 EsperadoHash-100-960.txt
965 132,63 99 101 100 EsperadoHash-100-965.txt
970 110,5 99 100 100 EsperadoHash-100-970.txt
975 104,93 99 100 100 EsperadoHash-100-975.txt
980 255,45 849 1078 100 EsperadoHash-100-980.txt
985 124,29 99 100 100 EsperadoHash-100-985.txt
990 141,99 195 108 100 EsperadoHash-100-990.txt
995 202,5 414 135 100 EsperadoHash-100-995.txt
1000 170,95 294 135 100 EsperadoHash-100-1000.txt
