100 110,35 93 100 100 avlMelhor-100-100.txt
105 110,82 99 100 100 avlMelhor-100-105.txt
110 83,92 99 100 100 avlMelhor-100-110.txt
115 72,5 95 104 100 avlMelhor-100-115.txt
120 77,13 97 101 100 avlMelhor-100-120.txt
125 70,76 99 53 100 avlMelhor-100-125.txt
130 74,68 91 101 100 avlMelhor-100-130.txt
135 72,25 97 46 100 avlMelhor-100-135.txt
140 101,97 98 100 100 avlMelhor-100-140.txt
145 75,69 98 100 100 avlMelhor-100-145.txt
150 77,34 95 102 100 avlMelhor-100-150.txt
155 117,97 99 100 100 avlMelhor-100-155.txt
160 72,86 97 104 100 avlMelhor-100-160.txt
165 81,45 99 100 100 avlMelhor-100-165.txt
170 73,71 95 124 100 avlMelhor-100-170.txt
175 72,44 96 105 100 avlMelhor-100-175.txt
180 70,86 93 55 100 avlMelhor-100-180.txt
185 73,46 98 103 100 avlMelhor-100-185.txt
190 72,45 99 53 100 avlMelhor-100-190.txt
195 74,32 98 102 100 avlMelhor-100-195.txt
200 109,13 99 100 100 avlMelhor-100-200.txt
205 78,06 97 116 100 avlMelhor-100-205.txt
210 73,75 92 101 100 avlMelhor-100-210.txt
215 84,92 99 100 100 avlMelhor-100-215.txt
220 108,72 98 100 100 avlMelhor-100-220.txt
225 76,68 97 101 100 avlMelhor-100-225.txt
230 72,57 96 106 100 avlMelhor-100-230.txt
235 73,28 99 103 100 avlMelhor-100-235.txt
240 71,88 98 122 100 avlMelhor-100-240.txt
245 72,42 94 107 100 avlMelhor-100-245.txt
250 73,81 91 106 100 avlMelhor-100-250.txt
255 72,74 92 100 100 avlMelhor-100-255.txt
260 73,67 97 59 100 avlMelhor-100-260.txt
265 74,27 98 133 100 avlMelhor-100-265.txt
270 75,4 99 118 100 avlMelhor-100-270.txt
275 71,98 93 160 100 avlMelhor-100-275.txt
280 74,42 99 100 100 avlMelhor-100-280.txt
285 70,13 90 104 100 avlMelhor-100-285.txt
290 99,12 98 111 100 avlMelhor-100-290.txt
295 71,87 97 117 100 avlMelhor-100-295.txt
300 72,01 91 104 100 avlMelhor-100-300.txt
305 79,98 97 100 100 avlMelhor-100-305.txt
310 100,5 99 100 100 avlMelhor-100-310.txt
315 74,72 95 109 100 avlMelhor-100-315.txt
320 80,07 95 111 100 avlMelhor-100-320.txt
325 72,14 96 103 100 avlMelhor-100-325.txt
330 86,12 99 101 100 avlMelhor-100-330.txt
335 72,44 98 107 100 avlMelhor-100-335.txt
340 72,51 97 141 100 avlMelhor-100-340.txt
345 84,04 99 100 100 avlMelhor-100-345.txt
350 73,53 98 100 100 avlMelhor-100-350.txt
355 81,79 99 100 100 avlMelhor-100-355.txt
360 99,7 96 100 100 avlMelhor-100-360.txt
365 71,53 98 138 100 avlMelhor-100-365.txt
370 72,25 97 55 100 avlMelhor-100-370.txt
375 71,08 96 100 100 avlMelhor-100-375.txt
380 73,44 97 101 100 avlMelhor-100-380.txt
385 73,93 96 128 100 avlMelhor-100-385.txt
390 73,33 97 119 100 avlMelhor-100-390.txt
395 71,97 94 102 100 avlMelhor-100-395.txt
400 73,97 94 115 100 avlMelhor-100-400.txt
405 87,54 99 101 100 avlMelhor-100-405.txt
410 99,77 99 100 100 avlMelhor-100-410.txt
415 107,92 99 100 100 avlMelhor-100-415.txt
420 71,09 96 100 100 avlMelhor-100-420.txt
425 72,34 93 118 100 avlMelhor-100-425.txt
430 75,66 90 493 100 avlMelhor-100-430.txt
435 75,25 99 109 100 avlMelhor-100-435.txt
440 71,53 98 100 100 avlMelhor-100-440.txt
445 72,51 96 105 100 avlMelhor-100-445.txt
450 74,54 98 103 100 avlMelhor-100-450.txt
455 74,7 96 105 100 avlMelhor-100-455.txt
460 72,2 96 115 100 avlMelhor-100-460.txt
465 72,3 88 113 100 avlMelhor-100-465.txt
470 70,88 97 100 100 avlMelhor-100-470.txt
475 75,57 96 101 100 avlMelhor-100-475.txt
480 100,09 99 113 100 avlMelhor-100-480.txt
485 79,58 99 102 100 avlMelhor-100-485.txt
490 96,89 99 100 100 avlMelhor-100-490.txt
495 108,87 99 58 100 avlMelhor-100-495.txt
500 86,04 98 100 100 avlMelhor-100-500.txt
505 72,72 98 168 100 avlMelhor-100-505.txt
510 73,35 95 101 100 avlMelhor-100-510.txt
515 71,65 94 55 100 avlMelhor-100-515.txt
520 72,35 91 100 100 avlMelhor-100-520.txt
525 71,92 98 107 100 avlMelhor-100-525.txt
530 71,25 96 111 100 avlMelhor-100-530.txt
535 81,33 99 102 100 avlMelhor-100-535.txt
540 71,56 98 104 100 avlMelhor-100-540.txt
545 70,97 98 100 100 avlMelhor-100-545.txt
550 72,55 96 103 100 avlMelhor-100-550.txt
555 73,39 96 101 100 avlMelhor-100-555.txt
560 73,02 93 101 100 avlMelhor-100-560.txt
565 72,13 99 152 100 avlMelhor-100-565.txt
570 73,73 91 100 100 avlMelhor-100-570.txt
575 93,8 95 116 100 avlMelhor-100-575.txt
580 101,33 99 100 100 avlMelhor-100-580.txt
585 75,1 99 108 100 avlMelhor-100-585.txt
590 72,82 98 100 100 avlMelhor-100-590.txt
595 75,6 99 101 100 avlMelhor-100-595.txt
600 71,93 99 144 100 avlMelhor-100-600.txt
605 74,98 98 106 100 avlMelhor-100-605.txt
610 74,84 96 139 100 avlMelhor-100-610.txt
615 91,87 99 100 100 avlMelhor-100-615.txt
620 74,43 96 100 100 avlMelhor-100-620.txt
625 101,96 99 100 100 avlMelhor-100-625.txt
630 92,41 99 100 100 avlMelhor-100-630.txt
635 75,87 99 100 100 avlMelhor-100-635.txt
640 72,6 96 100 100 avlMelhor-100-640.txt
645 76,34 94 121 100 avlMelhor-100-645.txt
650 72,68 99 53 100 avlMelhor-100-650.txt
655 75,09 99 100 100 avlMelhor-100-655.txt
660 88,23 98 103 100 avlMelhor-100-660.txt
665 72,5 97 111 100 avlMelhor-100-665.txt
670 126,83 99 100 100 avlMelhor-100-670.txt
675 110,63 99 100 100 avlMelhor-100-675.txt
680 89,71 99 101 100 avlMelhor-100-680.txt
685 75,07 99 102 100 avlMelhor-100-685.txt
690 71,35 92 107 100 avlMelhor-100-690.txt
695 73,86 97 100 100 avlMelhor-100-695.txt
700 71,89 97 102 100 avlMelhor-100-700.txt
705 76,23 94 137 100 avlMelhor-100-705.txt
710 72,48 97 101 100 avlMelhor-100-710.txt
715 85,48 99 101 100 avlMelhor-100-715.txt
720 69,84 95 51 100 avlMelhor-100-720.txt
725 74,01 96 136 100 avlMelhor-100-725.txt
730 101,48 97 102 100 avlMelhor-100-730.txt
735 72,43 99 104 100 avlMelhor-100-735.txt
740 75,4 99 120 100 avlMelhor-100-740.txt
745 73,23 95 102 100 avlMelhor-100-745.txt
750 108,86 99 101 100 avlMelhor-100-750.txt
755 109 1,09 98 100 100 avlMelhor-100-755.txt
760 72,65 99 129 100 avlMelhor-100-760.txt
765 72,88 98 100 100 avlMelhor-100-765.txt
770 79,21 98 100 100 avlMelhor-100-770.txt
775 72,81 99 101 100 avlMelhor-100-775.txt
780 111,25 99 100 100 avlMelhor-100-780.txt
785 80,52 97 105 100 avlMelhor-100-785.txt
790 73,55 91 116 100 avlMelhor-100-790.txt
795 74,56 99 131 100 avlMelhor-100-795.txt
800 72,06 99 106 100 avlMelhor-100-800.txt
805 89,19 98 114 100 avlMelhor-100-805.txt
810 100,32 99 100 100 avlMelhor-100-810.txt
815 83,06 98 101 100 avlMelhor-100-815.txt
820 73,42 91 102 100 avlMelhor-100-820.txt
825 71,87 95 103 100 avlMelhor-100-825.txt
830 86,66 99 101 100 avlMelhor-100-830.txt
835 81,37 97 102 100 avlMelhor-100-835.txt
840 73,37 96 108 100 avlMelhor-100-840.txt
845 104,94 94 100 100 avlMelhor-100-845.txt
850 74,3 98 167 100 avlMelhor-100-850.txt
855 71,66 95 103 100 avlMelhor-100-855.txt
860 73,83 96 101 100 avlMelhor-100-860.txt
865 87,98 96 101 100 avlMelhor-100-865.txt
870 87,77 98 104 100 avlMelhor-100-870.txt
875 74,15 96 131 100 avlMelhor-100-875.txt
880 109,98 95 102 100 avlMelhor-100-880.txt
885 88,22 97 102 100 avlMelhor-100-885.txt
890 74,89 92 163 100 avlMelhor-100-890.txt
895 73,66 94 136 100 avlMelhor-100-895.txt
900 75,29 95 109 100 avlMelhor-100-900.txt
905 102,59 99 100 100 avlMelhor-100-905.txt
910 76,51 99 100 100 avlMelhor-100-910.txt
915 115,96 99 100 100 avlMelhor-100-915.txt
920 105,88 99 100 100 avlMelhor-100-920.txt
925 74,48 97 136 100 avlMelhor-100-925.txt
930 103 1,03 96 100 100 avlMelhor-100-930.txt
935 81,2 94 110 100 avlMelhor-100-935.txt
940 87,73 98 100 100 avlMelhor-100-940.txt
945 77,03 99 100 100 avlMelhor-100-945.txt
950 73,57 96 106 100 avlMelhor-100-950.txt
955 102,61 98 101 100 avlMelhor-100-955.txt
960 75,46 99 118 100 avlMelhor-100-960.txt
965 72,6 94 101 100 avlMelhor-100-965.txt
970 70,76 90 131 100 avlMelhor-100-970.txt
975 127,19 99 103 100 avlMelhor-100-975.txt
980 116,07 99 100 100 avlMelhor-100-980.txt
985 86,81 98 100 100 avlMelhor-100-985.txt
990 74,86 98 109 100 avlMelhor-100-990.txt
995 71,5 95 111 100 avlMelhor-100-995.txt
1000 107,16 99 100 100 avlMelhor-100-1000.txt
