100 338,19 998 1007 100 ArvEsper-100-100.txt
105 355,07 504 259 100 ArvEsper-100-105.txt
110 336,54 471 1029 100 ArvEsper-100-110.txt
115 290,64 410 228 100 ArvEsper-100-115.txt
120 284,82 525 231 100 ArvEsper-100-120.txt
125 357,84 701 279 100 ArvEsper-100-125.txt
130 304,92 472 236 100 ArvEsper-100-130.txt
135 419,89 516 1492 100 ArvEsper-100-135.txt
140 394,43 590 323 100 ArvEsper-100-140.txt
145 374,74 528 312 100 ArvEsper-100-145.txt
150 414,68 636 348 100 ArvEsper-100-150.txt
155 301,63 417 243 100 ArvEsper-100-155.txt
160 329,12 447 274 100 ArvEsper-100-160.txt
165 335,46 529 272 100 ArvEsper-100-165.txt
170 376,52 511 304 100 ArvEsper-100-170.txt
175 381,42 631 299 100 ArvEsper-100-175.txt
180 398,46 629 306 100 ArvEsper-100-180.txt
185 376,23 566 299 100 ArvEsper-100-185.txt
190 364,83 509 295 100 ArvEsper-100-190.txt
195 389,51 820 329 100 ArvEsper-100-195.txt
200 423,12 810 323 100 ArvEsper-100-200.txt
205 380,41 663 309 100 ArvEsper-100-205.txt
210 379,07 901 274 100 ArvEsper-100-210.txt
215 383,19 791 256 100 ArvEsper-100-215.txt
220 394,19 535 329 100 ArvEsper-100-220.txt
225 308,48 465 253 100 ArvEsper-100-225.txt
230 515,74 727 1000 100 ArvEsper-100-230.txt
235 340,72 511 267 100 ArvEsper-100-235.txt
240 420,36 776 1021 100 ArvEsper-100-240.txt
245 454,96 761 357 100 ArvEsper-100-245.txt
250 386,99 762 274 100 ArvEsper-100-250.txt
255 486,57 799 406 100 ArvEsper-100-255.txt
260 384,58 519 328 100 ArvEsper-100-260.txt
265 369,08 498 293 100 ArvEsper-100-265.txt
270 371,68 508 300 100 ArvEsper-100-270.txt
275 407,31 680 311 100 ArvEsper-100-275.txt
280 328,77 492 271 100 ArvEsper-100-280.txt
285 410,76 603 338 100 ArvEsper-100-285.txt
290 376,32 591 218 100 ArvEsper-100-290.txt
295 414,78 565 353 100 ArvEsper-100-295.txt
300 396,22 555 331 100 ArvEsper-100-300.txt
305 296,91 463 219 100 ArvEsper-100-305.txt
310 361,03 839 290 100 ArvEsper-100-310.txt
315 483,56 703 419 100 ArvEsper-100-315.txt
320 343,68 484 280 100 ArvEsper-100-320.txt
325 328,16 488 256 100 ArvEsper-100-325.txt
330 446,26 644 375 100 ArvEsper-100-330.txt
335 412,2 638 336 100 ArvEsper-100-335.txt
340 368,93 824 1039 100 ArvEsper-100-340.txt
345 337,63 451 282 100 ArvEsper-100-345.txt
350 656,97 955 1064 100 ArvEsper-100-350.txt
355 400,61 614 317 100 ArvEsper-100-355.txt
360 446,02 588 358 100 ArvEsper-100-360.txt
365 419,72 840 326 100 ArvEsper-100-365.txt
370 424,67 840 346 100 ArvEsper-100-370.txt
375 456,02 995 1007 100 ArvEsper-100-375.txt
380 540,9 981 1016 100 ArvEsper-100-380.txt
385 582,06 939 1389 100 ArvEsper-100-385.txt
390 455,51 837 281 100 ArvEsper-100-390.txt
395 389,03 517 303 100 ArvEsper-100-395.txt
400 421,99 922 344 100 ArvEsper-100-400.txt
405 392,11 882 1234 100 ArvEsper-100-405.txt
410 397,16 510 305 100 ArvEsper-100-410.txt
415 447,56 618 291 100 ArvEsper-100-415.txt
420 440,81 682 313 100 ArvEsper-100-420.txt
425 384,54 535 314 100 ArvEsper-100-425.txt
430 379,87 751 321 100 ArvEsper-100-430.txt
435 358,95 571 298 100 ArvEsper-100-435.txt
440 446,36 577 385 100 ArvEsper-100-440.txt
445 438,35 898 311 100 ArvEsper-100-445.txt
450 424,98 613 343 100 ArvEsper-100-450.txt
455 386,73 565 329 100 ArvEsper-100-455.txt
460 374,19 817 289 100 ArvEsper-100-460.txt
465 384,52 590 304 100 ArvEsper-100-465.txt
470 337,61 475 269 100 ArvEsper-100-470.txt
475 535,47 916 1040 100 ArvEsper-100-475.txt
480 360,07 488 284 100 ArvEsper-100-480.txt
485 404,38 635 1269 100 ArvEsper-100-485.txt
490 356 3,56 484 301 100 ArvEsper-100-490.txt
495 475,49 996 1033 100 ArvEsper-100-495.txt
500 398,1 551 325 100 ArvEsper-100-500.txt
505 375,4 787 308 100 ArvEsper-100-505.txt
510 410,34 950 2732 100 ArvEsper-100-510.txt
515 449,84 910 1057 100 ArvEsper-100-515.txt
520 467,49 624 372 100 ArvEsper-100-520.txt
525 436 4,36 890 320 100 ArvEsper-100-525.txt
530 450,94 618 354 100 ArvEsper-100-530.txt
535 376,78 546 1040 100 ArvEsper-100-535.txt
540 539,18 797 415 100 ArvEsper-100-540.txt
545 398,39 879 306 100 ArvEsper-100-545.txt
550 346,19 630 284 100 ArvEsper-100-550.txt
555 393,54 556 291 100 ArvEsper-100-555.txt
560 442,25 856 254 100 ArvEsper-100-560.txt
565 437,06 624 357 100 ArvEsper-100-565.txt
570 430,36 944 1220 100 ArvEsper-100-570.txt
575 609,88 993 1084 100 ArvEsper-100-575.txt
580 451,28 895 346 100 ArvEsper-100-580.txt
585 374,55 568 312 100 ArvEsper-100-585.txt
590 430,96 978 299 100 ArvEsper-100-590.txt
595 438,22 747 343 100 ArvEsper-100-595.txt
600 502,43 767 404 100 ArvEsper-100-600.txt
605 441,53 813 1149 100 ArvEsper-100-605.txt
610 416,88 846 291 100 ArvEsper-100-610.txt
615 454,56 905 350 100 ArvEsper-100-615.txt
620 556,28 978 398 100 ArvEsper-100-620.txt
625 409,23 6836 270 100 ArvEsper-100-625.txt
630 544,3 724 1009 100 ArvEsper-100-630.txt
635 365,6 475 294 100 ArvEsper-100-635.txt
640 508,63 959 395 100 ArvEsper-100-640.txt
645 328,47 737 255 100 ArvEsper-100-645.txt
650 377,41 912 274 100 ArvEsper-100-650.txt
655 543,84 986 427 100 ArvEsper-100-655.txt
660 456,19 825 369 100 ArvEsper-100-660.txt
665 405,3 865 315 100 ArvEsper-100-665.txt
670 490,5 699 379 100 ArvEsper-100-670.txt
675 566,89 977 389 100 ArvEsper-100-675.txt
680 525,98 905 425 100 ArvEsper-100-680.txt
685 562,76 810 467 100 ArvEsper-100-685.txt
690 509,12 872 388 100 ArvEsper-100-690.txt
695 438,54 858 326 100 ArvEsper-100-695.txt
700 498,86 949 409 100 ArvEsper-100-700.txt
705 502,58 954 1020 100 ArvEsper-100-705.txt
710 429,38 870 1396 100 ArvEsper-100-710.txt
715 427,72 651 2618 100 ArvEsper-100-715.txt
720 462,74 833 2752 100 ArvEsper-100-720.txt
725 401,66 569 337 100 ArvEsper-100-725.txt
730 443,09 896 343 100 ArvEsper-100-730.txt
735 404,52 673 289 100 ArvEsper-100-735.txt
740 457,57 674 368 100 ArvEsper-100-740.txt
745 588,26 944 1180 100 ArvEsper-100-745.txt
750 539,18 825 390 100 ArvEsper-100-750.txt
755 380,84 563 303 100 ArvEsper-100-755.txt
760 438,44 630 342 100 ArvEsper-100-760.txt
765 551,88 947 1123 100 ArvEsper-100-765.txt
770 419,01 594 322 100 ArvEsper-100-770.txt
775 377,17 538 305 100 ArvEsper-100-775.txt
780 405,66 808 259 100 ArvEsper-100-780.txt
785 418,41 807 1295 100 ArvEsper-100-785.txt
790 500,71 700 392 100 ArvEsper-100-790.txt
795 753,41 977 1011 100 ArvEsper-100-795.txt
800 498,33 894 409 100 ArvEsper-100-800.txt
805 500,64 940 801 100 ArvEsper-100-805.txt
810 411,89 625 347 100 ArvEsper-100-810.txt
815 504,56 945 353 100 ArvEsper-100-815.txt
820 421,28 702 347 100 ArvEsper-100-820.txt
825 395,32 749 322 100 ArvEsper-100-825.txt
830 485,42 621 409 100 ArvEsper-100-830.txt
835 466,61 683 1486 100 ArvEsper-100-835.txt
840 540,61 799 1015 100 ArvEsper-100-840.txt
845 360,85 831 278 100 ArvEsper-100-845.txt
850 615,51 890 1092 100 ArvEsper-100-850.txt
855 420,22 877 312 100 ArvEsper-100-855.txt
860 600,11 894 1018 100 ArvEsper-100-860.txt
865 465,46 729 1157 100 ArvEsper-100-865.txt
870 492,18 771 413 100 ArvEsper-100-870.txt
875 389,32 603 333 100 ArvEsper-100-875.txt
880 516,01 776 441 100 ArvEsper-100-880.txt
885 423,83 737 352 100 ArvEsper-100-885.txt
890 599,39 826 1432 100 ArvEsper-100-890.txt
895 451,52 667 370 100 ArvEsper-100-895.txt
900 414,81 624 352 100 ArvEsper-100-900.txt
905 393,44 546 333 100 ArvEsper-100-905.txt
910 406,26 627 331 100 ArvEsper-100-910.txt
915 396,94 818 302 100 ArvEsper-100-915.txt
920 501,88 915 416 100 ArvEsper-100-920.txt
925 641,07 898 1011 100 ArvEsper-100-925.txt
930 397,05 545 336 100 ArvEsper-100-930.txt
935 562,71 751 1075 100 ArvEsper-100-935.txt
940 771,42 979 1042 100 ArvEsper-100-940.txt
945 604,89 958 1002 100 ArvEsper-100-945.txt
950 409,7 569 329 100 ArvEsper-100-950.txt
955 456,3 948 1007 100 ArvEsper-100-955.txt
960 617,28 877 504 100 ArvEsper-100-960.txt
965 436,93 859 317 100 ArvEsper-100-965.txt
970 384,91 843 324 100 ArvEsper-100-970.txt
975 484,21 929 1201 100 ArvEsper-100-975.txt
980 353,41 712 294 100 ArvEsper-100-980.txt
985 545,65 845 1112 100 ArvEsper-100-985.txt
990 427,48 672 312 100 ArvEsper-100-990.txt
995 583,88 842 13912 100 ArvEsper-100-995.txt
1000 371,55 577 294 100 ArvEsper-100-1000.txt
