100 1694,18 992 905 100 PiorHash-100-100.txt
105 816,49 994 1001 100 PiorHash-100-105.txt
110 488,66 863 435 100 PiorHash-100-110.txt
115 511,82 840 459 100 PiorHash-100-115.txt
120 527,57 980 465 100 PiorHash-100-120.txt
125 535,94 661 481 100 PiorHash-100-125.txt
130 565,25 753 508 100 PiorHash-100-130.txt
135 581,89 759 1038 100 PiorHash-100-135.txt
140 592,17 724 539 100 PiorHash-100-140.txt
145 601,47 753 547 100 PiorHash-100-145.txt
150 619,51 871 557 100 PiorHash-100-150.txt
155 675,92 819 1647 100 PiorHash-100-155.txt
160 1120,46 993 597 100 PiorHash-100-160.txt
165 660,36 820 589 100 PiorHash-100-165.txt
170 680,61 842 614 100 PiorHash-100-170.txt
175 892,6 937 1061 100 PiorHash-100-175.txt
180 722,07 960 652 100 PiorHash-100-180.txt
185 860,78 922 13638 100 PiorHash-100-185.txt
190 745,5 939 667 100 PiorHash-100-190.txt
195 763,82 909 1032 100 PiorHash-100-195.txt
200 769,2 957 1015 100 PiorHash-100-200.txt
205 797,14 965 1005 100 PiorHash-100-205.txt
210 816,31 972 1030 100 PiorHash-100-210.txt
215 1191,94 969 1026 100 PiorHash-100-215.txt
220 840,06 988 1009 100 PiorHash-100-220.txt
225 895,97 999 1003 100 PiorHash-100-225.txt
230 865,09 952 1000 100 PiorHash-100-230.txt
235 879,97 997 1000 100 PiorHash-100-235.txt
240 976,64 970 1041 100 PiorHash-100-240.txt
245 1357,07 983 1000 100 PiorHash-100-245.txt
250 1011,38 999 1002 100 PiorHash-100-250.txt
255 1010,06 999 1003 100 PiorHash-100-255.txt
260 1218,88 993 1001 100 PiorHash-100-260.txt
265 969,66 993 1008 100 PiorHash-100-265.txt
270 1005,09 999 1002 100 PiorHash-100-270.txt
275 1045,18 996 1002 100 PiorHash-100-275.txt
280 2070,83 998 1006 100 PiorHash-100-280.txt
285 1113,57 999 1002 100 PiorHash-100-285.txt
290 1061,41 999 1003 100 PiorHash-100-290.txt
295 1060,57 993 1001 100 PiorHash-100-295.txt
300 1102,95 1689 1005 100 PiorHash-100-300.txt
305 1114,29 1529 1015 100 PiorHash-100-305.txt
310 1140,29 1732 1023 100 PiorHash-100-310.txt
315 1161,66 1374 1033 100 PiorHash-100-315.txt
320 1151,04 1584 1063 100 PiorHash-100-320.txt
325 1161,48 1788 1060 100 PiorHash-100-325.txt
330 1168,79 1640 1074 100 PiorHash-100-330.txt
335 1759,17 4822 1095 100 PiorHash-100-335.txt
340 1231,47 1670 1115 100 PiorHash-100-340.txt
345 1240,1 1713 1141 100 PiorHash-100-345.txt
350 1250,39 2154 1145 100 PiorHash-100-350.txt
355 1263,06 1864 1143 100 PiorHash-100-355.txt
360 1278,3 2211 1179 100 PiorHash-100-360.txt
365 1305,52 3741 1162 100 PiorHash-100-365.txt
370 1299,51 1779 1194 100 PiorHash-100-370.txt
375 1317,85 1728 1215 100 PiorHash-100-375.txt
380 1341,13 1955 1221 100 PiorHash-100-380.txt
385 1338,38 1968 1250 100 PiorHash-100-385.txt
390 1380,04 1844 1253 100 PiorHash-100-390.txt
395 1762,16 4863 1259 100 PiorHash-100-395.txt
400 1385,92 1725 1286 100 PiorHash-100-400.txt
405 1409,21 1859 1303 100 PiorHash-100-405.txt
410 1432,43 2111 1302 100 PiorHash-100-410.txt
415 1473,1 3550 1330 100 PiorHash-100-415.txt
420 1464,86 2005 1357 100 PiorHash-100-420.txt
425 1470,77 2048 1359 100 PiorHash-100-425.txt
430 1482,43 2245 1366 100 PiorHash-100-430.txt
435 1976,21 48782 1391 100 PiorHash-100-435.txt
440 1543,4 2064 1390 100 PiorHash-100-440.txt
445 1548,01 1980 1421 100 PiorHash-100-445.txt
450 1551,45 2226 1425 100 PiorHash-100-450.txt
455 1571,8 2199 1441 100 PiorHash-100-455.txt
460 2026,83 6949 1468 100 PiorHash-100-460.txt
465 1793,29 7213 1466 100 PiorHash-100-465.txt
470 1625,84 3298 1503 100 PiorHash-100-470.txt
475 4565,61 8398 1529 100 PiorHash-100-475.txt
480 1681,74 2446 1516 100 PiorHash-100-480.txt
485 2140,92 8212 1519 100 PiorHash-100-485.txt
490 1881,68 4481 1574 100 PiorHash-100-490.txt
495 1731,53 3599 1575 100 PiorHash-100-495.txt
500 1679,31 2248 1567 100 PiorHash-100-500.txt
505 3583,61 8759 1603 100 PiorHash-100-505.txt
510 1996,39 4515 1619 100 PiorHash-100-510.txt
515 3230,66 7993 10340 100 PiorHash-100-515.txt
520 2035,56 4403 1678 100 PiorHash-100-520.txt
525 2644,96 8410 12082 100 PiorHash-100-525.txt
530 2087,37 4904 1670 100 PiorHash-100-530.txt
535 1840,79 2793 1692 100 PiorHash-100-535.txt
540 3097,52 7969 11556 100 PiorHash-100-540.txt
545 1866,69 2829 1705 100 PiorHash-100-545.txt
550 2934,97 9304 11906 100 PiorHash-100-550.txt
555 1911,26 2543 1743 100 PiorHash-100-555.txt
560 2385,8 7801 1746 100 PiorHash-100-560.txt
565 2688,89 8999 1794 100 PiorHash-100-565.txt
570 3044,29 8855 12383 100 PiorHash-100-570.txt
575 1933,52 2239 1793 100 PiorHash-100-575.txt
580 2270,54 7724 12434 100 PiorHash-100-580.txt
585 2044,45 4019 1834 100 PiorHash-100-585.txt
590 4658,3 9974 10241 100 PiorHash-100-590.txt
595 2144,16 7917 1878 100 PiorHash-100-595.txt
600 2028,4 2994 1863 100 PiorHash-100-600.txt
605 2044,38 3014 1884 100 PiorHash-100-605.txt
610 2030,32 2313 1897 100 PiorHash-100-610.txt
615 2123,28 3270 1927 100 PiorHash-100-615.txt
620 2099,35 2876 1928 100 PiorHash-100-620.txt
625 3891,48 9291 10905 100 PiorHash-100-625.txt
630 2951,05 8208 1961 100 PiorHash-100-630.txt
635 2139,3 2660 1959 100 PiorHash-100-635.txt
640 2202,9 3281 1989 100 PiorHash-100-640.txt
645 2196,96 3267 2000 100 PiorHash-100-645.txt
650 2256,48 3516 2032 100 PiorHash-100-650.txt
655 2164,29 2442 2046 100 PiorHash-100-655.txt
660 2217,19 3236 2050 100 PiorHash-100-660.txt
665 2300,86 5324 2085 100 PiorHash-100-665.txt
670 2363,15 9496 2079 100 PiorHash-100-670.txt
675 2276,08 4129 2102 100 PiorHash-100-675.txt
680 4758,44 9815 10146 100 PiorHash-100-680.txt
685 2316,83 3464 2121 100 PiorHash-100-685.txt
690 3748,65 8963 10873 100 PiorHash-100-690.txt
695 2360,91 3468 2144 100 PiorHash-100-695.txt
700 2326,4 2965 2160 100 PiorHash-100-700.txt
705 5015,88 9365 10260 100 PiorHash-100-705.txt
710 2560,73 6461 2162 100 PiorHash-100-710.txt
715 2406,93 6694 2220 100 PiorHash-100-715.txt
720 2430,46 3263 2223 100 PiorHash-100-720.txt
725 5454,43 9643 10329 100 PiorHash-100-725.txt
730 2530,9 3643 2231 100 PiorHash-100-730.txt
735 2455,93 4335 2281 100 PiorHash-100-735.txt
740 4448,22 9727 2282 100 PiorHash-100-740.txt
745 2683,52 4679 2303 100 PiorHash-100-745.txt
750 2508,97 3863 2330 100 PiorHash-100-750.txt
755 2547,85 3828 2331 100 PiorHash-100-755.txt
760 3356,27 9886 14377 100 PiorHash-100-760.txt
765 2762,25 5319 2423 100 PiorHash-100-765.txt
770 3507,2 9481 10094 100 PiorHash-100-770.txt
775 4644,51 9948 10242 100 PiorHash-100-775.txt
780 2599,11 3732 2403 100 PiorHash-100-780.txt
785 2621,97 4838 2411 100 PiorHash-100-785.txt
790 2870,72 7690 2406 100 PiorHash-100-790.txt
795 3184,64 4434 24008 100 PiorHash-100-795.txt
800 2723,1 3395 10550 100 PiorHash-100-800.txt
805 2662,91 3378 2457 100 PiorHash-100-805.txt
810 4813,49 8557 10089 100 PiorHash-100-810.txt
815 3072,65 5436 2481 100 PiorHash-100-815.txt
820 2703,37 3678 2492 100 PiorHash-100-820.txt
825 2747,27 3896 2530 100 PiorHash-100-825.txt
830 4409,15 9594 10271 100 PiorHash-100-830.txt
835 5037,79 9989 10281 100 PiorHash-100-835.txt
840 2744,48 3300 2572 100 PiorHash-100-840.txt
845 2934,29 5039 2613 100 PiorHash-100-845.txt
850 4470,34 7222 10093 100 PiorHash-100-850.txt
855 3055,7 8608 2601 100 PiorHash-100-855.txt
860 2963,78 4067 2619 100 PiorHash-100-860.txt
865 2838,83 3721 2654 100 PiorHash-100-865.txt
870 4920,84 7511 10172 100 PiorHash-100-870.txt
875 3197,67 4087 10474 100 PiorHash-100-875.txt
880 6209,08 7903 3301 100 PiorHash-100-880.txt
885 5601,26 8989 10865 100 PiorHash-100-885.txt
890 5951,52 7922 10491 100 PiorHash-100-890.txt
895 2954,96 4036 2711 100 PiorHash-100-895.txt
900 2950,85 4712 2753 100 PiorHash-100-900.txt
905 3250,14 4478 2773 100 PiorHash-100-905.txt
910 3016,5 4176 2762 100 PiorHash-100-910.txt
915 3283,14 8923 2803 100 PiorHash-100-915.txt
920 3479,36 6483 2879 100 PiorHash-100-920.txt
925 3159,67 4323 2857 100 PiorHash-100-925.txt
930 3632,37 9936 10029 100 PiorHash-100-930.txt
935 3978,51 8339 2837 100 PiorHash-100-935.txt
940 3095,73 4749 2860 100 PiorHash-100-940.txt
945 5483,71 9855 11088 100 PiorHash-100-945.txt
950 5535,02 9907 10543 100 PiorHash-100-950.txt
955 4023,53 8363 2919 100 PiorHash-100-955.txt
960 4031,94 8072 2974 100 PiorHash-100-960.txt
965 3363,66 6587 2973 100 PiorHash-100-965.txt
970 5471,5 9044 11580 100 PiorHash-100-970.txt
975 6543,44 8738 10431 100 PiorHash-100-975.txt
980 3803,43 8575 11839 100 PiorHash-100-980.txt
985 3856,9 9733 3022 100 PiorHash-100-985.txt
990 6620,36 8771 11559 100 PiorHash-100-990.txt
995 4889,16 8976 10138 100 PiorHash-100-995.txt
1000 6879,62 9419 10032 100 PiorHash-100-1000.txt
