100 243,7 924 1136 100 avlPior-100-100.txt
105 160,14 219 112 100 avlPior-100-105.txt
110 160,22 220 114 100 avlPior-100-110.txt
115 141,23 198 108 100 avlPior-100-115.txt
120 140,35 204 111 100 avlPior-100-120.txt
125 139,59 208 110 100 avlPior-100-125.txt
130 156,02 241 116 100 avlPior-100-130.txt
135 143,8 451 114 100 avlPior-100-135.txt
140 155,49 197 117 100 avlPior-100-140.txt
145 166,11 265 128 100 avlPior-100-145.txt
150 202,35 577 111 100 avlPior-100-150.txt
155 142,16 213 114 100 avlPior-100-155.txt
160 147,05 217 117 100 avlPior-100-160.txt
165 150,04 215 115 100 avlPior-100-165.txt
170 165,08 240 122 100 avlPior-100-170.txt
175 211,51 652 129 100 avlPior-100-175.txt
180 150,93 209 112 100 avlPior-100-180.txt
185 151,74 241 113 100 avlPior-100-185.txt
190 152,4 223 118 100 avlPior-100-190.txt
195 256,24 31159 121 100 avlPior-100-195.txt
200 139,19 176 112 100 avlPior-100-200.txt
205 150,53 242 112 100 avlPior-100-205.txt
210 221,45 587 118 100 avlPior-100-210.txt
215 174,55 750 120 100 avlPior-100-215.txt
220 178,93 344 117 100 avlPior-100-220.txt
225 164,53 281 127 100 avlPior-100-225.txt
230 145,89 225 118 100 avlPior-100-230.txt
235 142,87 184 114 100 avlPior-100-235.txt
240 168,14 312 123 100 avlPior-100-240.txt
245 195,9 374 129 100 avlPior-100-245.txt
250 163,23 233 128 100 avlPior-100-250.txt
255 149,83 238 116 100 avlPior-100-255.txt
260 145,15 201 119 100 avlPior-100-260.txt
265 147,7 245 117 100 avlPior-100-265.txt
270 153,62 231 116 100 avlPior-100-270.txt
275 152,58 230 117 100 avlPior-100-275.txt
280 161,63 520 119 100 avlPior-100-280.txt
285 156,74 732 116 100 avlPior-100-285.txt
290 152,23 201 116 100 avlPior-100-290.txt
295 210,89 779 116 100 avlPior-100-295.txt
300 162,3 364 122 100 avlPior-100-300.txt
305 230,18 713 119 100 avlPior-100-305.txt
310 146,89 190 117 100 avlPior-100-310.txt
315 150,63 260 115 100 avlPior-100-315.txt
320 164,05 232 121 100 avlPior-100-320.txt
325 171,81 458 132 100 avlPior-100-325.txt
330 163,56 364 128 100 avlPior-100-330.txt
335 164,93 231 127 100 avlPior-100-335.txt
340 158,12 208 127 100 avlPior-100-340.txt
345 155,58 218 125 100 avlPior-100-345.txt
350 157,2 373 123 100 avlPior-100-350.txt
355 231,44 618 137 100 avlPior-100-355.txt
360 155,23 246 123 100 avlPior-100-360.txt
365 150,14 240 122 100 avlPior-100-365.txt
370 179,46 597 132 100 avlPior-100-370.txt
375 175,13 340 133 100 avlPior-100-375.txt
380 153,37 218 120 100 avlPior-100-380.txt
385 144,98 215 116 100 avlPior-100-385.txt
390 175,46 305 140 100 avlPior-100-390.txt
395 174,62 240 138 100 avlPior-100-395.txt
400 162,83 217 120 100 avlPior-100-400.txt
405 193,57 726 117 100 avlPior-100-405.txt
410 174,14 429 125 100 avlPior-100-410.txt
415 151,43 192 118 100 avlPior-100-415.txt
420 169,36 259 137 100 avlPior-100-420.txt
425 171,48 220 131 100 avlPior-100-425.txt
430 154,23 225 122 100 avlPior-100-430.txt
435 166,15 240 125 100 avlPior-100-435.txt
440 171,47 249 136 100 avlPior-100-440.txt
445 183,77 527 133 100 avlPior-100-445.txt
450 174,48 253 133 100 avlPior-100-450.txt
455 164,71 259 133 100 avlPior-100-455.txt
460 164,27 253 131 100 avlPior-100-460.txt
465 158,03 236 129 100 avlPior-100-465.txt
470 170,59 231 141 100 avlPior-100-470.txt
475 168,71 240 129 100 avlPior-100-475.txt
480 172,14 353 138 100 avlPior-100-480.txt
485 196,6 619 120 100 avlPior-100-485.txt
490 242,05 665 123 100 avlPior-100-490.txt
495 164,46 225 127 100 avlPior-100-495.txt
500 176,33 293 137 100 avlPior-100-500.txt
505 195,95 441 138 100 avlPior-100-505.txt
510 151,11 190 121 100 avlPior-100-510.txt
515 153,85 211 118 100 avlPior-100-515.txt
520 163,53 417 126 100 avlPior-100-520.txt
525 182 1,82 325 144 100 avlPior-100-525.txt
530 211,23 726 121 100 avlPior-100-530.txt
535 179,13 234 138 100 avlPior-100-535.txt
540 191,29 354 141 100 avlPior-100-540.txt
545 174,05 436 131 100 avlPior-100-545.txt
550 164,18 279 126 100 avlPior-100-550.txt
555 172,54 237 129 100 avlPior-100-555.txt
560 170,65 224 135 100 avlPior-100-560.txt
565 164,07 232 130 100 avlPior-100-565.txt
570 174,44 374 130 100 avlPior-100-570.txt
575 166,1 267 130 100 avlPior-100-575.txt
580 171,66 230 136 100 avlPior-100-580.txt
585 165,68 329 129 100 avlPior-100-585.txt
590 151,04 367 119 100 avlPior-100-590.txt
595 149,24 216 118 100 avlPior-100-595.txt
600 148,23 228 114 100 avlPior-100-600.txt
605 148,04 228 117 100 avlPior-100-605.txt
610 150,42 206 121 100 avlPior-100-610.txt
615 144,71 178 121 100 avlPior-100-615.txt
620 172,911 308 127 100 avlPior-100-620.txt
625 157,53 321 122 100 avlPior-100-625.txt
630 178,77 250 136 100 avlPior-100-630.txt
635 173,88 253 136 100 avlPior-100-635.txt
640 150,55 237 122 100 avlPior-100-640.txt
645 152,73 195 123 100 avlPior-100-645.txt
650 160,24 213 122 100 avlPior-100-650.txt
655 233,3 753 134 100 avlPior-100-655.txt
660 174,71 295 134 100 avlPior-100-660.txt
665 268,38 670 137 100 avlPior-100-665.txt
670 168,92 259 133 100 avlPior-100-670.txt
675 160,46 242 125 100 avlPior-100-675.txt
680 198,09 783 137 100 avlPior-100-680.txt
685 169,61 232 134 100 avlPior-100-685.txt
690 198,22 676 134 100 avlPior-100-690.txt
695 204,25 642 126 100 avlPior-100-695.txt
700 191,9 696 130 100 avlPior-100-700.txt
705 229,33 645 134 100 avlPior-100-705.txt
710 162,69 218 127 100 avlPior-100-710.txt
715 190,8 713 131 100 avlPior-100-715.txt
720 168,95 245 128 100 avlPior-100-720.txt
725 216,77 765 1023 100 avlPior-100-725.txt
730 163,4 245 134 100 avlPior-100-730.txt
735 202,22 709 140 100 avlPior-100-735.txt
740 254,16 942 1106 100 avlPior-100-740.txt
745 177,57 244 138 100 avlPior-100-745.txt
750 201,68 581 132 100 avlPior-100-750.txt
755 265,63 875 141 100 avlPior-100-755.txt
760 158,51 250 128 100 avlPior-100-760.txt
765 204,9 705 1013 100 avlPior-100-765.txt
770 195,89 579 123 100 avlPior-100-770.txt
775 165,81 274 132 100 avlPior-100-775.txt
780 276,02 781 128 100 avlPior-100-780.txt
785 151,04 220 121 100 avlPior-100-785.txt
790 161,68 384 128 100 avlPior-100-790.txt
795 188,93 456 137 100 avlPior-100-795.txt
800 209,17 704 133 100 avlPior-100-800.txt
805 188,2 497 145 100 avlPior-100-805.txt
810 200,96 631 133 100 avlPior-100-810.txt
815 184,17 386 129 100 avlPior-100-815.txt
820 209,54 472 137 100 avlPior-100-820.txt
825 174,37 388 130 100 avlPior-100-825.txt
830 199,98 580 130 100 avlPior-100-830.txt
835 185,26 730 139 100 avlPior-100-835.txt
840 206,88 630 1011 100 avlPior-100-840.txt
845 194,74 467 136 100 avlPior-100-845.txt
850 197,12 750 135 100 avlPior-100-850.txt
855 255,73 871 1076 100 avlPior-100-855.txt
860 267,16 770 141 100 avlPior-100-860.txt
865 180,22 356 141 100 avlPior-100-865.txt
870 189,08 764 142 100 avlPior-100-870.txt
875 180,14 493 139 100 avlPior-100-875.txt
880 174,18 236 134 100 avlPior-100-880.txt
885 177,35 284 132 100 avlPior-100-885.txt
890 202,47 764 133 100 avlPior-100-890.txt
895 182,3 321 139 100 avlPior-100-895.txt
900 180,93 235 143 100 avlPior-100-900.txt
905 176,82 625 131 100 avlPior-100-905.txt
910 213 2,13 447 133 100 avlPior-100-910.txt
915 213,67 825 127 100 avlPior-100-915.txt
920 190,3 757 139 100 avlPior-100-920.txt
925 212,53 897 134 100 avlPior-100-925.txt
930 165,7 288 137 100 avlPior-100-930.txt
935 236,14 860 149 100 avlPior-100-935.txt
940 229,35 770 130 100 avlPior-100-940.txt
945 242,05 694 1139 100 avlPior-100-945.txt
950 196,24 421 135 100 avlPior-100-950.txt
955 242,06 731 136 100 avlPior-100-955.txt
960 176,89 338 133 100 avlPior-100-960.txt
965 175,52 308 138 100 avlPior-100-965.txt
970 223,43 728 137 100 avlPior-100-970.txt
975 182,16 627 141 100 avlPior-100-975.txt
980 194,02 585 137 100 avlPior-100-980.txt
985 201,34 708 138 100 avlPior-100-985.txt
990 177,48 305 143 100 avlPior-100-990.txt
995 183,01 275 138 100 avlPior-100-995.txt
1000 243,91 792 151 100 avlPior-100-1000.txt
