100 66,16 99 101 100 MelhorHash-100-100.txt
105 67,74 97 101 100 MelhorHash-100-105.txt
110 69,4 93 106 100 MelhorHash-100-110.txt
115 66,37 93 100 100 MelhorHash-100-115.txt
120 65,48 95 128 100 MelhorHash-100-120.txt
125 64,27 94 107 100 MelhorHash-100-125.txt
130 64,33 96 53 100 MelhorHash-100-130.txt
135 69,02 99 138 100 MelhorHash-100-135.txt
140 67,36 92 114 100 MelhorHash-100-140.txt
145 66,55 99 101 100 MelhorHash-100-145.txt
150 67,66 98 104 100 MelhorHash-100-150.txt
155 65,97 91 101 100 MelhorHash-100-155.txt
160 64,81 95 102 100 MelhorHash-100-160.txt
165 66,16 98 175 100 MelhorHash-100-165.txt
170 96,87 98 100 100 MelhorHash-100-170.txt
175 64,94 84 102 100 MelhorHash-100-175.txt
180 64,81 94 122 100 MelhorHash-100-180.txt
185 66,91 98 101 100 MelhorHash-100-185.txt
190 65,17 91 50 100 MelhorHash-100-190.txt
195 66,37 99 102 100 MelhorHash-100-195.txt
200 66,44 86 122 100 MelhorHash-100-200.txt
205 66,74 99 122 100 MelhorHash-100-205.txt
210 65,33 97 103 100 MelhorHash-100-210.txt
215 64,83 91 118 100 MelhorHash-100-215.txt
220 73,47 99 114 100 MelhorHash-100-220.txt
225 66,06 97 101 100 MelhorHash-100-225.txt
230 69,62 99 156 100 MelhorHash-100-230.txt
235 66,74 86 230 100 MelhorHash-100-235.txt
240 77,78 98 100 100 MelhorHash-100-240.txt
245 66,4 88 106 100 MelhorHash-100-245.txt
250 90,9 97 104 100 MelhorHash-100-250.txt
255 65,41 90 118 100 MelhorHash-100-255.txt
260 68,75 99 121 100 MelhorHash-100-260.txt
265 64,72 95 107 100 MelhorHash-100-265.txt
270 67,86 98 102 100 MelhorHash-100-270.txt
275 67,18 97 107 100 MelhorHash-100-275.txt
280 65,51 89 125 100 MelhorHash-100-280.txt
285 65,17 82 123 100 MelhorHash-100-285.txt
290 66,22 88 120 100 MelhorHash-100-290.txt
295 66,16 92 111 100 MelhorHash-100-295.txt
300 64,43 79 103 100 MelhorHash-100-300.txt
305 64,19 90 52 100 MelhorHash-100-305.txt
310 66,76 97 103 100 MelhorHash-100-310.txt
315 66,03 96 103 100 MelhorHash-100-315.txt
320 63,85 92 104 100 MelhorHash-100-320.txt
325 66,07 96 104 100 MelhorHash-100-325.txt
330 82 0,82 97 53 100 MelhorHash-100-330.txt
335 65,12 94 116 100 MelhorHash-100-335.txt
340 72,7 99 100 100 MelhorHash-100-340.txt
345 70,64 92 100 100 MelhorHash-100-345.txt
350 66,58 84 103 100 MelhorHash-100-350.txt
355 64,36 86 101 100 MelhorHash-100-355.txt
360 65,31 99 121 100 MelhorHash-100-360.txt
365 65,4 92 110 100 MelhorHash-100-365.txt
370 64,05 87 42 100 MelhorHash-100-370.txt
375 69,65 91 525 100 MelhorHash-100-375.txt
380 65,73 99 135 100 MelhorHash-100-380.txt
385 65,18 94 150 100 MelhorHash-100-385.txt
390 64,31 86 125 100 MelhorHash-100-390.txt
395 98,2 98 105 100 MelhorHash-100-395.txt
400 63,94 95 48 100 MelhorHash-100-400.txt
405 65,71 91 108 100 MelhorHash-100-405.txt
410 65,55 89 103 100 MelhorHash-100-410.txt
415 92,97 98 111 100 MelhorHash-100-415.txt
420 65,7 99 50 100 MelhorHash-100-420.txt
425 65,95 90 103 100 MelhorHash-100-425.txt
430 63,01 86 50 100 MelhorHash-100-430.txt
435 67,29 93 150 100 MelhorHash-100-435.txt
440 64,27 86 107 100 MelhorHash-100-440.txt
445 65,09 96 50 100 MelhorHash-100-445.txt
450 66,32 98 103 100 MelhorHash-100-450.txt
455 64,78 96 107 100 MelhorHash-100-455.txt
460 69,06 98 102 100 MelhorHash-100-460.txt
465 67,58 90 155 100 MelhorHash-100-465.txt
470 64,8 84 107 100 MelhorHash-100-470.txt
475 71,88 95 107 100 MelhorHash-100-475.txt
480 67,38 98 105 100 MelhorHash-100-480.txt
485 64,01 97 48 100 MelhorHash-100-485.txt
490 62,44 88 50 100 MelhorHash-100-490.txt
495 67,39 97 103 100 MelhorHash-100-495.txt
500 68,69 97 108 100 MelhorHash-100-500.txt
505 64,77 91 53 100 MelhorHash-100-505.txt
510 65,16 93 44 100 MelhorHash-100-510.txt
515 65,49 94 102 100 MelhorHash-100-515.txt
520 65,07 88 100 100 MelhorHash-100-520.txt
525 65,32 94 116 100 MelhorHash-100-525.txt
530 64,08 89 54 100 MelhorHash-100-530.txt
535 65,21 97 100 100 MelhorHash-100-535.txt
540 69,57 94 102 100 MelhorHash-100-540.txt
545 64,68 88 53 100 MelhorHash-100-545.txt
550 65,17 91 113 100 MelhorHash-100-550.txt
555 66,87 98 100 100 MelhorHash-100-555.txt
560 65,18 94 107 100 MelhorHash-100-560.txt
565 66,72 96 101 100 MelhorHash-100-565.txt
570 74,78 94 175 100 MelhorHash-100-570.txt
575 65,25 94 128 100 MelhorHash-100-575.txt
580 64,35 92 53 100 MelhorHash-100-580.txt
585 64,58 94 53 100 MelhorHash-100-585.txt
590 68,71 97 101 100 MelhorHash-100-590.txt
595 63,07 86 52 100 MelhorHash-100-595.txt
600 64,7 95 54 100 MelhorHash-100-600.txt
605 74,27 97 100 100 MelhorHash-100-605.txt
610 81,93 98 104 100 MelhorHash-100-610.txt
615 84,66 96 101 100 MelhorHash-100-615.txt
620 66,06 99 115 100 MelhorHash-100-620.txt
625 69,82 85 100 100 MelhorHash-100-625.txt
630 90,79 98 102 100 MelhorHash-100-630.txt
635 65,21 92 103 100 MelhorHash-100-635.txt
640 65,66 89 110 100 MelhorHash-100-640.txt
645 65,25 89 117 100 MelhorHash-100-645.txt
650 70,47 87 100 100 MelhorHash-100-650.txt
655 71,11 92 52 100 MelhorHash-100-655.txt
660 66,45 96 128 100 MelhorHash-100-660.txt
665 66,72 98 120 100 MelhorHash-100-665.txt
670 85,77 95 117 100 MelhorHash-100-670.txt
675 91,4 99 100 100 MelhorHash-100-675.txt
680 65,25 92 45 100 MelhorHash-100-680.txt
685 65,92 96 103 100 MelhorHash-100-685.txt
690 64,52 89 120 100 MelhorHash-100-690.txt
695 65,04 96 118 100 MelhorHash-100-695.txt
700 80,18 99 101 100 MelhorHash-100-700.txt
705 86,68 99 104 100 MelhorHash-100-705.txt
710 64,99 87 127 100 MelhorHash-100-710.txt
715 93,87 99 102 100 MelhorHash-100-715.txt
720 66,34 89 103 100 MelhorHash-100-720.txt
725 65,02 95 54 100 MelhorHash-100-725.txt
730 66,29 92 126 100 MelhorHash-100-730.txt
735 66,52 95 107 100 MelhorHash-100-735.txt
740 96,24 88 101 100 MelhorHash-100-740.txt
745 64,87 92 47 100 MelhorHash-100-745.txt
750 67,35 86 102 100 MelhorHash-100-750.txt
755 83,51 97 102 100 MelhorHash-100-755.txt
760 65,61 95 46 100 MelhorHash-100-760.txt
765 66,19 97 102 100 MelhorHash-100-765.txt
770 80,57 97 101 100 MelhorHash-100-770.txt
775 81,21 97 100 100 MelhorHash-100-775.txt
780 64,16 99 52 100 MelhorHash-100-780.txt
785 91,4 97 100 100 MelhorHash-100-785.txt
790 65,02 88 107 100 MelhorHash-100-790.txt
795 66,27 96 102 100 MelhorHash-100-795.txt
800 98,51 99 100 100 MelhorHash-100-800.txt
805 69,07 93 108 100 MelhorHash-100-805.txt
810 92,54 99 100 100 MelhorHash-100-810.txt
815 85,27 99 100 100 MelhorHash-100-815.txt
820 64,77 97 103 100 MelhorHash-100-820.txt
825 95,69 99 100 100 MelhorHash-100-825.txt
830 62,78 88 50 100 MelhorHash-100-830.txt
835 99,17 86 117 100 MelhorHash-100-835.txt
840 67,5 89 100 100 MelhorHash-100-840.txt
845 65,84 99 52 100 MelhorHash-100-845.txt
850 66,64 93 170 100 MelhorHash-100-850.txt
855 95,9 99 100 100 MelhorHash-100-855.txt
860 90,63 96 101 100 MelhorHash-100-860.txt
865 76,17 98 101 100 MelhorHash-100-865.txt
870 92,98 97 101 100 MelhorHash-100-870.txt
875 97,93 79 102 100 MelhorHash-100-875.txt
880 96,58 98 56 100 MelhorHash-100-880.txt
885 65,77 97 101 100 MelhorHash-100-885.txt
890 67,69 97 101 100 MelhorHash-100-890.txt
895 68,83 89 104 100 MelhorHash-100-895.txt
900 65,83 95 112 100 MelhorHash-100-900.txt
905 93,85 99 100 100 MelhorHash-100-905.txt
910 78,03 98 106 100 MelhorHash-100-910.txt
915 67,94 99 102 100 MelhorHash-100-915.txt
920 94,49 981 100 100 MelhorHash-100-920.txt
925 91,98 98 100 100 MelhorHash-100-925.txt
930 77,35 97 108 100 MelhorHash-100-930.txt
935 66,91 91 100 100 MelhorHash-100-935.txt
940 72,68 96 101 100 MelhorHash-100-940.txt
945 64,78 89 50 100 MelhorHash-100-945.txt
950 86,6 97 102 100 MelhorHash-100-950.txt
955 69,17 98 101 100 MelhorHash-100-955.txt
960 99,65 989 104 100 MelhorHash-100-960.txt
965 85,93 99 100 100 MelhorHash-100-965.txt
970 70,91 99 125 100 MelhorHash-100-970.txt
975 77,14 94 104 100 MelhorHash-100-975.txt
980 91,35 98 108 100 MelhorHash-100-980.txt
985 67,38 99 107 100 MelhorHash-100-985.txt
990 91,88 99 108 100 MelhorHash-100-990.txt
995 95,18 99 100 100 MelhorHash-100-995.txt
1000 70,8 90 124 100 MelhorHash-100-1000.txt
