100 2403,61 5749 1036 100 ArvPior-100-100.txt
105 1509,42 2198 1057 100 ArvPior-100-105.txt
110 1628,64 3135 1100 100 ArvPior-100-110.txt
115 1706,43 2414 1147 100 ArvPior-100-115.txt
120 1669,39 2430 1196 100 ArvPior-100-120.txt
125 1643,47 2535 1229 100 ArvPior-100-125.txt
130 1930,4 3997 1283 100 ArvPior-100-130.txt
135 1874,87 2747 1330 100 ArvPior-100-135.txt
140 1870,28 3213 1355 100 ArvPior-100-140.txt
145 1952,06 2819 1392 100 ArvPior-100-145.txt
150 2032,46 5259 1469 100 ArvPior-100-150.txt
155 1925,86 3437 1499 100 ArvPior-100-155.txt
160 2125,92 3242 1561 100 ArvPior-100-160.txt
165 2219,69 3060 1591 100 ArvPior-100-165.txt
170 3007,82 71923 1639 100 ArvPior-100-170.txt
175 2263,37 3544 1669 100 ArvPior-100-175.txt
180 2421,99 5996 1737 100 ArvPior-100-180.txt
185 2451,48 4959 1746 100 ArvPior-100-185.txt
190 2569,46 6294 1822 100 ArvPior-100-190.txt
195 2743,87 4574 1842 100 ArvPior-100-195.txt
200 2404,98 4038 1901 100 ArvPior-100-200.txt
205 2695,09 4886 1954 100 ArvPior-100-205.txt
210 2662,97 7830 1987 100 ArvPior-100-210.txt
215 2725,36 4437 2013 100 ArvPior-100-215.txt
220 3045,76 5448 2097 100 ArvPior-100-220.txt
225 2608,04 5026 2128 100 ArvPior-100-225.txt
230 3182,44 5977 2178 100 ArvPior-100-230.txt
235 2891,21 5271 2207 100 ArvPior-100-235.txt
240 3032,21 5576 2246 100 ArvPior-100-240.txt
245 2874,06 5547 2307 100 ArvPior-100-245.txt
250 3208,38 7543 2324 100 ArvPior-100-250.txt
255 3468,99 6158 2395 100 ArvPior-100-255.txt
260 3127,54 4778 2429 100 ArvPior-100-260.txt
265 3365,07 5581 2476 100 ArvPior-100-265.txt
270 3383,03 8260 17170 100 ArvPior-100-270.txt
275 3281,44 5792 2546 100 ArvPior-100-275.txt
280 3374,04 5926 2586 100 ArvPior-100-280.txt
285 3358,27 5662 2647 100 ArvPior-100-285.txt
290 3354,35 6028 2701 100 ArvPior-100-290.txt
295 3486,97 8481 2750 100 ArvPior-100-295.txt
300 3443,2 6151 2812 100 ArvPior-100-300.txt
305 3686,55 9089 2812 100 ArvPior-100-305.txt
310 3895,77 6453 2874 100 ArvPior-100-310.txt
315 3567,82 5982 2921 100 ArvPior-100-315.txt
320 3607,87 6639 2970 100 ArvPior-100-320.txt
325 3776,64 6742 3018 100 ArvPior-100-325.txt
330 3870,47 7256 15455 100 ArvPior-100-330.txt
335 3890,4 6943 3110 100 ArvPior-100-335.txt
340 3828,38 9562 3136 100 ArvPior-100-340.txt
345 4169,24 8177 21030 100 ArvPior-100-345.txt
350 3728,58 7131 3230 100 ArvPior-100-350.txt
355 4309,75 7176 12954 100 ArvPior-100-355.txt
360 3855,05 7137 3296 100 ArvPior-100-360.txt
365 3911,65 7290 3364 100 ArvPior-100-365.txt
370 4069,35 9565 3411 100 ArvPior-100-370.txt
375 4104,62 7600 3432 100 ArvPior-100-375.txt
380 4296,79 7755 3483 100 ArvPior-100-380.txt
385 4365,64 7907 3541 100 ArvPior-100-385.txt
390 4233,41 8110 3571 100 ArvPior-100-390.txt
395 4436,06 8975 3619 100 ArvPior-100-395.txt
400 4309,8 7663 10208 100 ArvPior-100-400.txt
405 4294,29 7672 3695 100 ArvPior-100-405.txt
410 4456,55 8441 10355 100 ArvPior-100-410.txt
415 4428,46 8163 3801 100 ArvPior-100-415.txt
420 4890,42 9438 18948 100 ArvPior-100-420.txt
425 4853,51 9220 10569 100 ArvPior-100-425.txt
430 4261 42,61 7618 3935 100 ArvPior-100-430.txt
435 4440,8 7763 3978 100 ArvPior-100-435.txt
440 4664,06 8983 4020 100 ArvPior-100-440.txt
445 4712,89 9132 4066 100 ArvPior-100-445.txt
450 4943,18 8980 4119 100 ArvPior-100-450.txt
455 4504,41 8848 4135 100 ArvPior-100-455.txt
460 5297,55 8883 11315 100 ArvPior-100-460.txt
465 4729,51 9001 4238 100 ArvPior-100-465.txt
470 5030,25 8882 12703 100 ArvPior-100-470.txt
475 4865,51 9649 4336 100 ArvPior-100-475.txt
480 5176,84 8433 10068 100 ArvPior-100-480.txt
485 4753,72 9574 4419 100 ArvPior-100-485.txt
490 4925,4 8698 4490 100 ArvPior-100-490.txt
495 5897,4 8868 10013 100 ArvPior-100-495.txt
500 5112,54 9117 10994 100 ArvPior-100-500.txt
505 5093,68 9131 4630 100 ArvPior-100-505.txt
510 5106,57 9523 4664 100 ArvPior-100-510.txt
515 5177,56 9135 4680 100 ArvPior-100-515.txt
520 5316,95 9799 12613 100 ArvPior-100-520.txt
525 5345,32 9694 4776 100 ArvPior-100-525.txt
530 5383,81 9300 10138 100 ArvPior-100-530.txt
535 5607,24 9688 10164 100 ArvPior-100-535.txt
540 5313,99 9545 4930 100 ArvPior-100-540.txt
545 5643,1 9684 11007 100 ArvPior-100-545.txt
550 5596,72 9803 12243 100 ArvPior-100-550.txt
555 5668,65 9827 10031 100 ArvPior-100-555.txt
560 5537,63 9913 10214 100 ArvPior-100-560.txt
565 5601,24 9972 10017 100 ArvPior-100-565.txt
570 5778,56 9597 10055 100 ArvPior-100-570.txt
575 6135,13 9912 10146 100 ArvPior-100-575.txt
580 5861,19 7646 10193 100 ArvPior-100-580.txt
585 5718,1 7927 10221 100 ArvPior-100-585.txt
590 5923,35 9090 10290 100 ArvPior-100-590.txt
595 5751,91 6466 10343 100 ArvPior-100-595.txt
600 6011,03 6648 10467 100 ArvPior-100-600.txt
605 6002,37 6887 10579 100 ArvPior-100-605.txt
610 6297,84 9820 10681 100 ArvPior-100-610.txt
615 6091,04 7347 10763 100 ArvPior-100-615.txt
620 6271,87 9298 10047 100 ArvPior-100-620.txt
625 6269,89 9401 10974 100 ArvPior-100-625.txt
630 6299,32 7953 11093 100 ArvPior-100-630.txt
635 6446,74 9073 11150 100 ArvPior-100-635.txt
640 6306,43 7985 10820 100 ArvPior-100-640.txt
645 6193,88 7470 11396 100 ArvPior-100-645.txt
650 7153,14 8847 11059 100 ArvPior-100-650.txt
655 6671,33 6939 11424 100 ArvPior-100-655.txt
660 6521,32 7020 10219 100 ArvPior-100-660.txt
665 6554,5 7347 10655 100 ArvPior-100-665.txt
670 6518,47 7543 11690 100 ArvPior-100-670.txt
675 6511,51 7955 11870 100 ArvPior-100-675.txt
680 6676,86 8733 12003 100 ArvPior-100-680.txt
685 7295,78 9321 12020 100 ArvPior-100-685.txt
690 6771,08 7107 11377 100 ArvPior-100-690.txt
695 6608,64 8290 12208 100 ArvPior-100-695.txt
700 6875,95 7542 12347 100 ArvPior-100-700.txt
705 6894,07 8546 10291 100 ArvPior-100-705.txt
710 7150,04 8996 12434 100 ArvPior-100-710.txt
715 7093,68 9301 12618 100 ArvPior-100-715.txt
720 7201,27 8209 12515 100 ArvPior-100-720.txt
725 7236,35 9425 10955 100 ArvPior-100-725.txt
730 7139,67 9674 12777 100 ArvPior-100-730.txt
735 7259,98 7943 10694 100 ArvPior-100-735.txt
740 7268,44 9641 10606 100 ArvPior-100-740.txt
745 7660,9 8581 13095 100 ArvPior-100-745.txt
750 7519,4 9583 10144 100 ArvPior-100-750.txt
755 7232,79 9502 10050 100 ArvPior-100-755.txt
760 7454,25 9327 10829 100 ArvPior-100-760.txt
765 7856,11 8732 12991 100 ArvPior-100-765.txt
770 7609,02 8479 13488 100 ArvPior-100-770.txt
775 7806,35 8537 11033 100 ArvPior-100-775.txt
780 7729,43 9157 10988 100 ArvPior-100-780.txt
785 7563,78 7854 13740 100 ArvPior-100-785.txt
790 7761,48 8325 10425 100 ArvPior-100-790.txt
795 7941,08 9457 13578 100 ArvPior-100-795.txt
800 8022,31 9769 10016 100 ArvPior-100-800.txt
805 8412,57 9842 10275 100 ArvPior-100-805.txt
810 8399,37 8802 14138 100 ArvPior-100-810.txt
815 7841,65 9179 10586 100 ArvPior-100-815.txt
820 8367,54 9325 10070 100 ArvPior-100-820.txt
825 8226,43 8709 14120 100 ArvPior-100-825.txt
830 8099,45 9403 14611 100 ArvPior-100-830.txt
835 7907,06 9923 11948 100 ArvPior-100-835.txt
840 8327,47 9498 11639 100 ArvPior-100-840.txt
845 8426,1 8777 12219 100 ArvPior-100-845.txt
850 8234,05 9656 12001 100 ArvPior-100-850.txt
855 8279,02 9458 14955 100 ArvPior-100-855.txt
860 8259,3 9477 15115 100 ArvPior-100-860.txt
865 8406,75 9512 11917 100 ArvPior-100-865.txt
870 8682,92 9700 11905 100 ArvPior-100-870.txt
875 8631,33 8852 12249 100 ArvPior-100-875.txt
880 8417,54 9842 10175 100 ArvPior-100-880.txt
885 9529,67 9682 10878 100 ArvPior-100-885.txt
890 8708,94 9279 16166 100 ArvPior-100-890.txt
895 8676,53 9651 13907 100 ArvPior-100-895.txt
900 8619,87 9810 10485 100 ArvPior-100-900.txt
905 8891,14 9485 10109 100 ArvPior-100-905.txt
910 8735,46 9838 10248 100 ArvPior-100-910.txt
915 8694,49 9844 10236 100 ArvPior-100-915.txt
920 8731,89 9173 11251 100 ArvPior-100-920.txt
925 8908,05 9535 10234 100 ArvPior-100-925.txt
930 9228,15 9900 12645 100 ArvPior-100-930.txt
935 9336,02 9799 10151 100 ArvPior-100-935.txt
940 9059,1 8966 16462 100 ArvPior-100-940.txt
945 9036,89 9160 11650 100 ArvPior-100-945.txt
950 9027,58 9484 11572 100 ArvPior-100-950.txt
955 9507,73 9711 13050 100 ArvPior-100-955.txt
960 9328,83 9429 10059 100 ArvPior-100-960.txt
965 9613,89 9134 10174 100 ArvPior-100-965.txt
970 9306,72 9488 13404 100 ArvPior-100-970.txt
975 10019,1 9893 10068 100 ArvPior-100-975.txt
980 9997,64 9280 13050 100 ArvPior-100-980.txt
985 9875,33 9697 10159 100 ArvPior-100-985.txt
990 9509,64 9758 10008 100 ArvPior-100-990.txt
995 10239,39 9733 10244 100 ArvPior-100-995.txt
1000 10195,95 9958 10133 100 ArvPior-100-1000.txt
