100 107,31 99 102 100 melhorBin-100-100.txt
105 107,15 99 100 100 melhorBin-100-105.txt
110 122,4 99 100 100 melhorBin-100-110.txt
115 104,91 99 100 100 melhorBin-100-115.txt
120 121,22 99 100 100 melhorBin-100-120.txt
125 112,55 99 100 100 melhorBin-100-125.txt
130 108,96 97 100 100 melhorBin-100-130.txt
135 116,3 99 101 100 melhorBin-100-135.txt
140 120,31 99 101 100 melhorBin-100-140.txt
145 113,88 99 100 100 melhorBin-100-145.txt
150 113,98 99 100 100 melhorBin-100-150.txt
155 120,96 99 100 100 melhorBin-100-155.txt
160 114,02 99 100 100 melhorBin-100-160.txt
165 108,54 99 100 100 melhorBin-100-165.txt
170 123,49 99 100 100 melhorBin-100-170.txt
175 114,75 99 100 100 melhorBin-100-175.txt
180 106,82 99 100 100 melhorBin-100-180.txt
185 112,19 99 100 100 melhorBin-100-185.txt
190 115,29 99 100 100 melhorBin-100-190.txt
195 107,87 99 100 100 melhorBin-100-195.txt
200 121,74 99 102 100 melhorBin-100-200.txt
205 106,59 99 100 100 melhorBin-100-205.txt
210 104,31 99 101 100 melhorBin-100-210.txt
215 109,1 99 100 100 melhorBin-100-215.txt
220 106,42 99 100 100 melhorBin-100-220.txt
225 106,15 99 101 100 melhorBin-100-225.txt
230 122,36 99 100 100 melhorBin-100-230.txt
235 111,15 99 100 100 melhorBin-100-235.txt
240 104,01 99 100 100 melhorBin-100-240.txt
245 142,66 98 104 100 melhorBin-100-245.txt
250 110,18 99 102 100 melhorBin-100-250.txt
255 120,6 98 100 100 melhorBin-100-255.txt
260 109,48 99 100 100 melhorBin-100-260.txt
265 115,49 99 100 100 melhorBin-100-265.txt
270 107,17 99 100 100 melhorBin-100-270.txt
275 111,69 99 100 100 melhorBin-100-275.txt
280 114,81 98 100 100 melhorBin-100-280.txt
285 119,68 99 100 100 melhorBin-100-285.txt
290 109,88 99 100 100 melhorBin-100-290.txt
295 114,75 99 101 100 melhorBin-100-295.txt
300 119,31 99 102 100 melhorBin-100-300.txt
305 108,08 99 100 100 melhorBin-100-305.txt
310 110,24 99 100 100 melhorBin-100-310.txt
315 114,25 99 100 100 melhorBin-100-315.txt
320 113,71 99 100 100 melhorBin-100-320.txt
325 134,99 99 100 100 melhorBin-100-325.txt
330 108,26 99 101 100 melhorBin-100-330.txt
335 109,85 99 100 100 melhorBin-100-335.txt
340 106,75 99 100 100 melhorBin-100-340.txt
345 112,43 98 100 100 melhorBin-100-345.txt
350 117,05 99 101 100 melhorBin-100-350.txt
355 113,46 99 100 100 melhorBin-100-355.txt
360 102,57 99 100 100 melhorBin-100-360.txt
365 108,43 99 100 100 melhorBin-100-365.txt
370 112,68 99 101 100 melhorBin-100-370.txt
375 109,66 99 100 100 melhorBin-100-375.txt
380 114,95 99 100 100 melhorBin-100-380.txt
385 110,27 99 102 100 melhorBin-100-385.txt
390 109,01 99 100 100 melhorBin-100-390.txt
395 107,4 98 100 100 melhorBin-100-395.txt
400 123,76 99 100 100 melhorBin-100-400.txt
405 124,58 99 100 100 melhorBin-100-405.txt
410 102,94 99 100 100 melhorBin-100-410.txt
415 113,46 99 100 100 melhorBin-100-415.txt
420 118,02 98 100 100 melhorBin-100-420.txt
425 116,97 99 100 100 melhorBin-100-425.txt
430 110,4 99 101 100 melhorBin-100-430.txt
435 105,35 99 100 100 melhorBin-100-435.txt
440 137,45 97 100 100 melhorBin-100-440.txt
445 105,12 99 100 100 melhorBin-100-445.txt
450 107,9 99 100 100 melhorBin-100-450.txt
455 109,71 99 100 100 melhorBin-100-455.txt
460 122,75 99 100 100 melhorBin-100-460.txt
465 117,99 99 100 100 melhorBin-100-465.txt
470 106,7 99 100 100 melhorBin-100-470.txt
475 117,22 99 100 100 melhorBin-100-475.txt
480 109,08 99 102 100 melhorBin-100-480.txt
485 113,09 99 100 100 melhorBin-100-485.txt
490 111,17 99 100 100 melhorBin-100-490.txt
495 114,58 99 100 100 melhorBin-100-495.txt
500 111,56 99 100 100 melhorBin-100-500.txt
505 106,23 98 100 100 melhorBin-100-505.txt
510 116,39 99 100 100 melhorBin-100-510.txt
515 113,56 99 100 100 melhorBin-100-515.txt
520 108,93 98 100 100 melhorBin-100-520.txt
525 115,64 98 101 100 melhorBin-100-525.txt
530 143,6 99 100 100 melhorBin-100-530.txt
535 122,47 99 102 100 melhorBin-100-535.txt
540 106,59 99 100 100 melhorBin-100-540.txt
545 109,84 99 100 100 melhorBin-100-545.txt
550 119,35 99 100 100 melhorBin-100-550.txt
555 105,31 99 100 100 melhorBin-100-555.txt
560 117,6 99 100 100 melhorBin-100-560.txt
565 188,95 99 100 100 melhorBin-100-565.txt
570 107,64 99 100 100 melhorBin-100-570.txt
575 105,34 99 101 100 melhorBin-100-575.txt
580 112,31 99 101 100 melhorBin-100-580.txt
585 119,03 99 100 100 melhorBin-100-585.txt
590 107,96 99 100 100 melhorBin-100-590.txt
595 108,89 99 100 100 melhorBin-100-595.txt
600 146,19 99 101 100 melhorBin-100-600.txt
605 113,58 98 100 100 melhorBin-100-605.txt
610 110,28 99 100 100 melhorBin-100-610.txt
615 122,43 99 100 100 melhorBin-100-615.txt
620 117,21 98 102 100 melhorBin-100-620.txt
625 104,53 99 100 100 melhorBin-100-625.txt
630 109,02 99 100 100 melhorBin-100-630.txt
635 109,87 99 100 100 melhorBin-100-635.txt
640 124,83 97 100 100 melhorBin-100-640.txt
645 110,14 99 100 100 melhorBin-100-645.txt
650 117,54 99 102 100 melhorBin-100-650.txt
655 115,35 99 100 100 melhorBin-100-655.txt
660 108,93 99 101 100 melhorBin-100-660.txt
665 157,35 99 103 100 melhorBin-100-665.txt
670 111,72 99 100 100 melhorBin-100-670.txt
675 109,59 99 100 100 melhorBin-100-675.txt
680 115,15 99 100 100 melhorBin-100-680.txt
685 113,35 99 100 100 melhorBin-100-685.txt
690 111,39 99 100 100 melhorBin-100-690.txt
695 117,53 99 100 100 melhorBin-100-695.txt
700 162,8 99 102 100 melhorBin-100-700.txt
705 110,35 99 100 100 melhorBin-100-705.txt
710 126,72 99 100 100 melhorBin-100-710.txt
715 110,41 99 100 100 melhorBin-100-715.txt
720 108,23 99 101 100 melhorBin-100-720.txt
725 107,71 99 100 100 melhorBin-100-725.txt
730 115,4 98 100 100 melhorBin-100-730.txt
735 113,43 99 100 100 melhorBin-100-735.txt
740 119,33 99 101 100 melhorBin-100-740.txt
745 105,79 99 100 100 melhorBin-100-745.txt
750 110,5 99 100 100 melhorBin-100-750.txt
755 127,49 99 100 100 melhorBin-100-755.txt
760 106,41 99 100 100 melhorBin-100-760.txt
765 105,33 99 101 100 melhorBin-100-765.txt
770 120,81 99 100 100 melhorBin-100-770.txt
775 104,69 98 102 100 melhorBin-100-775.txt
780 112,04 99 100 100 melhorBin-100-780.txt
785 111,75 99 100 100 melhorBin-100-785.txt
790 135,23 99 100 100 melhorBin-100-790.txt
795 109,82 99 100 100 melhorBin-100-795.txt
800 108,14 99 100 100 melhorBin-100-800.txt
805 156,55 99 100 100 melhorBin-100-805.txt
810 123,4 98 102 100 melhorBin-100-810.txt
815 116,54 98 101 100 melhorBin-100-815.txt
820 128,6 97 100 100 melhorBin-100-820.txt
825 124,76 99 100 100 melhorBin-100-825.txt
830 105,38 99 100 100 melhorBin-100-830.txt
835 113,67 98 101 100 melhorBin-100-835.txt
840 153,52 98 101 100 melhorBin-100-840.txt
845 121,69 99 100 100 melhorBin-100-845.txt
850 109,26 99 100 100 melhorBin-100-850.txt
855 115,76 99 100 100 melhorBin-100-855.txt
860 117,21 99 100 100 melhorBin-100-860.txt
865 115,64 99 100 100 melhorBin-100-865.txt
870 116,32 99 100 100 melhorBin-100-870.txt
875 102,16 99 100 100 melhorBin-100-875.txt
880 114,13 99 100 100 melhorBin-100-880.txt
885 123,86 99 100 100 melhorBin-100-885.txt
890 108,78 99 100 100 melhorBin-100-890.txt
895 109,11 99 100 100 melhorBin-100-895.txt
900 106,61 99 100 100 melhorBin-100-900.txt
905 129,55 99 100 100 melhorBin-100-905.txt
910 125,27 99 100 100 melhorBin-100-910.txt
915 110,67 99 100 100 melhorBin-100-915.txt
920 118,14 98 100 100 melhorBin-100-920.txt
925 107,45 99 100 100 melhorBin-100-925.txt
930 110,21 99 100 100 melhorBin-100-930.txt
935 115,65 98 100 100 melhorBin-100-935.txt
940 106,07 99 100 100 melhorBin-100-940.txt
945 129,41 99 100 100 melhorBin-100-945.txt
950 108,7 99 100 100 melhorBin-100-950.txt
955 106,5 99 100 100 melhorBin-100-955.txt
960 148,95 99 100 100 melhorBin-100-960.txt
965 108,15 98 100 100 melhorBin-100-965.txt
970 111,82 99 100 100 melhorBin-100-970.txt
975 106,57 99 100 100 melhorBin-100-975.txt
980 112,65 99 100 100 melhorBin-100-980.txt
985 119,26 99 100 100 melhorBin-100-985.txt
990 113,37 99 100 100 melhorBin-100-990.txt
995 112,38 99 100 100 melhorBin-100-995.txt
1000 118,27 99 100 100 melhorBin-100-1000.txt
